0 10 10 10 0 0 10 10 10 10 0 0 0 0 0 0 10 10 10 0 0 0 0 0 0 0 10 10 0 0 0 -12 -12 0 0 0 10 0 0 0 0 0 0 0 0 10 10 0 0 0 0 0 10 10 10 10 0 0 0 0 0 10 10 10
1 10 10 10 0 0 10 10 10 10 0 0 0 0 0 0 0 10 10 0 0 0 0 0 0 0 10 10 0 0 0 -12 -12 0 0 0 10 0 0 0 0 0 0 0 0 10 10 0 0 0 0 0 10 10 10 10 0 0 0 0 0 10 10 10
7 10 10 10 0 0 10 10 10 10 0 0 0 0 0 0 0 10 10 0 0 0 0 0 0 0 10 10 0 0 -12 -12 -12 0 0 0 10 0 0 0 0 0 0 0 0 10 10 0 0 0 0 0 10 10 10 10 0 0 0 0 0 10 10 10
8 10 10 10 0 0 10 10 10 10 0 0 0 0 0 0 0 10 10 0 0 0 0 0 0 0 10 10 0 0 -12 -12 -12 0 0 0 10 0 0 0 0 0 0 0 0 10 10 0 0 0 0 0 10 10 10 10 0 0 0 0 0 0 10 10
10 10 10 0 0 0 10 10 10 10 0 0 0 0 0 0 0 10 10 0 0 0 0 0 0 0 10 10 0 0 -12 -12 -12 0 0 0 10 0 0 0 0 0 0 0 0 10 10 0 0 0 0 0 10 10 10 10 0 0 0 0 0 0 10 10
12 10 10 0 0 0 10 10 10 10 0 0 0 0 0 0 0 10 10 0 0 0 0 0 0 0 10 10 0 0 -12 -12 -12 0 0 0 10 0 0 0 0 0 0 0 0 0 10 0 0 0 0 0 10 10 10 10 0 0 0 0 0 0 10 10
14 10 10 0 0 0 10 10 10 10 0 0 0 0 0 0 0 10 10 0 0 0 0 0 0 0 10 10 0 0 -12 -12 -12 0 0 0 10 0 0 0 0 0 0 0 0 0 10 0 0 0 0 0 0 10 10 10 0 0 0 0 0 0 10 10
15 10 10 0 0 0 0 10 10 10 0 0 0 0 0 0 0 10 10 0 0 0 0 0 0 0 10 10 0 0 -12 -12 -12 0 0 0 10 0 0 0 0 0 0 0 0 0 10 0 0 0 0 0 0 10 10 10 0 0 0 0 0 0 10 10
17 10 10 0 0 0 0 10 10 10 0 0 0 0 0 0 0 10 10 0 0 0 0 -12 0 0 10 10 0 0 -12 -12 -12 0 0 0 10 0 0 0 0 0 0 0 0 0 10 0 0 0 0 0 0 10 10 10 0 0 0 0 0 0 10 10
21 10 10 0 0 0 0 10 10 10 0 0 0 0 0 0 0 10 10 0 0 0 0 -12 0 0 10 0 0 0 -12 -12 -12 0 0 0 10 0 0 0 0 0 0 0 0 0 10 0 0 0 0 0 0 10 10 10 0 0 0 0 0 0 10 10
22 10 10 0 0 0 0 10 10 10 0 0 0 0 0 0 0 10 10 0 0 0 0 -12 0 0 0 0 0 0 -12 -12 -12 0 0 0 10 0 0 0 0 0 0 0 0 0 10 0 0 0 0 0 0 10 10 10 0 0 0 0 0 0 10 10
24 10 10 0 0 0 0 10 10 10 0 0 0 0 0 0 0 10 10 0 0 0 0 -12 0 0 0 0 0 0 -12 -12 -12 -12 0 0 10 0 0 0 0 0 0 0 0 0 10 0 0 0 0 0 0 10 10 10 0 0 0 0 0 0 10 10
25 10 10 0 0 0 0 10 10 10 0 0 0 0 0 0 0 10 10 0 0 0 0 -12 0 0 0 0 0 0 -12 -12 -12 -12 0 0 10 0 0 0 0 0 0 0 0 0 0 0 0 0 0 0 0 10 10 10 0 0 0 0 0 0 10 10
26 10 10 0 0 0 0 10 10 10 0 0 0 0 0 0 0 10 10 0 0 0 -12 -12 0 0 0 0 0 0 -12 -12 -12 -12 0 0 10 0 0 0 0 0 0 0 0 0 0 0 0 0 0 0 0 10 10 10 0 0 0 0 0 0 10 10
29 10 10 0 0 0 0 10 10 10 0 0 0 0 0 0 0 10 10 0 0 0 -12 -12 0 0 0 0 0 0 -12 -12 -12 -12 0 0 0 0 0 0 0 0 0 0 0 0 0 0 0 0 0 0 0 10 10 10 0 0 0 0 0 0 10 10
34 10 10 0 0 0 0 0 10 10 0 0 0 0 0 0 0 10 10 0 0 0 -12 -12 0 0 0 0 0 0 -12 -12 -12 -12 0 0 0 0 0 0 0 0 0 0 0 0 0 0 0 0 0 0 0 10 10 10 0 0 0 0 0 0 10 10
37 10 10 0 0 0 0 0 10 10 0 0 0 0 0 0 0 10 10 0 0 0 -12 -12 0 0 0 0 0 0 -12 -12 -12 -12 0 0 0 0 0 0 0 0 0 0 0 0 0 0 0 0 0 0 0 0 10 10 0 0 0 0 0 0 10 10
38 10 10 0 0 0 0 0 10 10 0 0 0 0 0 0 0 10 10 0 0 0 -12 -12 0 0 0 0 0 0 -12 -12 -12 -12 0 0 0 0 0 0 0 0 0 0 0 0 0 0 0 0 0 0 0 0 10 10 0 0 0 0 0 0 0 10
39 10 10 0 0 0 0 0 10 10 0 0 0 0 0 0 0 10 10 0 0 0 -12 -12 0 0 0 0 0 -12 -12 -12 -12 -12 0 0 0 0 0 0 0 0 0 0 0 0 0 0 0 0 0 0 0 0 10 10 0 0 0 0 0 0 0 10
45 10 10 0 0 0 0 0 10 10 0 0 0 0 0 0 0 10 10 0 0 0 -12 -12 0 0 0 0 0 0 -12 -12 -12 -12 0 0 0 0 0 0 0 0 0 0 0 0 0 0 0 0 0 0 0 0 10 10 0 0 0 0 0 0 0 10
51 10 10 0 0 0 0 0 10 10 0 0 0 0 0 0 0 10 10 0 0 0 -12 -12 0 0 0 0 0 0 -12 -12 -12 -12 0 0 0 0 0 0 0 0 0 0 0 0 0 0 0 0 0 0 0 0 10 10 0 0 0 0 0 0 10 10
56 10 10 0 0 0 0 0 10 10 0 0 0 0 0 0 0 10 10 0 0 0 -12 -12 0 0 0 0 0 0 -12 -12 -12 -12 0 0 0 0 0 0 0 0 0 0 0 0 0 0 0 0 0 0 0 10 10 10 0 0 0 0 0 0 10 10
61 10 10 0 0 0 0 0 10 10 0 0 0 0 0 0 0 10 10 0 0 0 0 -12 0 0 0 0 0 0 -12 -12 -12 -12 0 0 0 0 0 0 0 0 0 0 0 0 0 0 0 0 0 0 0 10 10 10 0 0 0 0 0 0 10 10
63 10 10 0 0 0 0 0 10 10 0 0 0 0 0 0 0 10 10 0 0 0 0 -12 0 0 0 0 0 0 -12 -12 -12 -12 0 0 10 0 0 0 0 0 0 0 0 0 0 0 0 0 0 0 0 10 10 10 0 0 0 0 0 0 10 10
71 10 10 0 0 0 0 0 10 10 0 0 0 0 0 0 0 10 10 0 0 0 0 -12 0 0 0 0 0 0 0 -12 -12 -12 0 0 10 0 0 0 0 0 0 0 0 0 0 0 0 0 0 0 0 10 10 10 0 0 0 0 0 0 10 10
76 10 10 0 0 0 0 0 10 10 10 0 0 0 0 0 0 10 10 0 0 0 0 -12 0 0 0 0 0 0 0 -12 -12 -12 0 0 10 0 0 0 0 0 0 0 0 0 0 0 0 0 0 0 0 10 10 10 0 0 0 0 0 0 10 10
77 10 10 0 0 0 0 0 10 10 10 0 0 0 0 0 0 10 10 0 0 0 0 -12 0 0 0 0 0 0 0 -12 -12 -12 0 0 10 0 0 0 0 0 0 0 0 0 10 0 0 0 0 0 0 10 10 10 0 0 0 0 0 0 10 10
80 10 10 0 0 0 0 0 10 10 10 0 0 0 0 0 0 10 10 0 0 0 0 -12 0 0 0 0 0 0 0 -12 -12 -12 0 0 10 0 0 0 0 0 0 0 0 10 10 0 0 0 0 0 0 10 10 10 0 0 0 0 0 0 10 10
83 10 10 0 0 0 0 0 10 10 10 0 0 0 0 0 0 0 10 0 0 0 0 -12 0 0 0 0 0 0 0 -12 -12 -12 0 0 10 0 0 0 0 0 0 0 0 10 10 0 0 0 0 0 0 10 10 10 0 0 0 0 0 0 10 10
84 10 10 0 0 0 0 0 10 10 10 0 0 0 0 0 0 0 10 0 0 0 0 -12 0 0 0 0 0 0 0 -12 -12 -12 0 0 10 0 0 0 0 0 0 0 0 10 0 0 0 0 0 0 0 10 10 0 0 0 0 0 0 0 10 10
88 10 10 0 0 0 0 0 10 10 10 0 0 0 0 0 0 0 10 0 0 0 0 -12 0 0 0 0 0 0 0 -12 -12 -12 0 0 10 0 0 0 0 0 0 0 0 0 0 0 0 0 0 0 0 10 10 0 0 0 0 0 0 0 10 10
89 10 10 0 0 0 0 0 10 10 0 0 0 0 0 0 0 0 10 0 0 0 0 -12 0 0 0 0 0 0 0 -12 -12 -12 0 0 10 0 0 0 0 0 0 0 0 0 0 0 0 0 0 0 0 10 10 0 0 0 0 0 0 0 10 10
91 10 10 0 0 0 0 0 10 10 0 0 0 0 0 0 0 0 10 0 0 0 0 -12 0 0 0 0 0 0 0 -12 -12 -12 0 0 0 0 0 0 0 0 0 0 0 0 0 0 0 0 0 0 0 10 10 0 0 0 0 0 0 0 10 10
92 10 10 0 0 0 0 0 10 10 0 0 0 0 0 0 0 0 10 0 0 0 0 -12 0 0 0 0 0 0 0 -12 -12 -12 0 0 0 0 0 0 0 0 0 0 0 0 0 0 0 0 0 0 0 0 10 0 0 0 0 0 0 0 10 10
93 10 10 0 0 0 0 0 10 10 0 0 0 0 0 0 0 0 10 0 0 0 0 -12 0 0 0 0 0 0 0 -12 -12 -12 0 0 0 0 0 0 0 0 0 0 0 0 0 0 0 0 0 0 0 0 10 0 0 0 0 0 0 0 0 10
96 10 10 0 0 0 0 0 0 10 0 0 0 0 0 0 0 0 10 0 0 0 0 -12 0 0 0 0 0 0 0 -12 -12 -12 0 0 0 0 0 0 0 0 0 0 0 0 0 0 0 0 0 0 0 0 10 0 0 0 0 0 0 0 0 10
100 10 10 0 0 0 0 0 0 10 0 0 0 0 0 0 0 0 10 0 0 0 0 -12 0 0 0 0 0 0 0 -12 -12 -12 0 0 0 0 0 0 0 0 0 0 0 0 0 0 0 0 0 0 0 0 0 0 0 0 0 0 0 0 0 10
104 10 0 0 0 0 0 0 0 10 0 0 0 0 0 0 0 0 10 0 0 0 0 -12 0 0 0 0 0 0 0 -12 -12 -12 0 0 0 0 0 0 0 0 0 0 0 0 0 0 0 0 0 0 0 0 0 0 0 0 0 0 0 0 0 10
110 10 0 0 0 0 0 0 0 10 0 0 0 0 0 0 0 0 10 0 0 0 0 -12 0 0 0 0 0 0 0 -12 -12 -12 0 0 0 0 0 0 0 0 0 0 0 0 0 0 0 0 0 0 0 0 0 0 0 0 0 0 0 0 0 0
115 10 0 0 0 0 0 0 0 10 0 0 0 0 0 0 0 0 10 0 0 0 0 -12 0 0 0 0 0 0 -12 -12 -12 -12 0 0 0 0 0 0 0 0 0 0 0 0 0 0 0 0 0 0 0 0 0 0 0 0 0 0 0 0 0 0
119 10 0 0 0 0 0 0 0 10 0 0 0 0 0 0 0 0 10 0 0 0 -12 -12 0 0 0 0 0 0 -12 -12 -12 -12 0 0 0 0 0 0 0 0 0 0 0 0 0 0 0 0 0 0 0 0 0 0 0 0 0 0 0 0 0 0
141 10 0 0 0 0 0 0 0 0 0 0 0 0 0 0 0 0 10 0 0 0 -12 -12 0 0 0 0 0 0 -12 -12 -12 -12 0 0 0 0 0 0 0 0 0 0 0 0 0 0 0 0 0 0 0 0 0 0 0 0 0 0 0 0 0 0
145 10 0 0 0 0 0 0 0 0 0 0 0 0 0 0 0 0 10 0 0 0 -12 -12 0 0 0 0 0 -12 -12 -12 -12 -12 0 0 0 0 0 0 0 0 0 0 0 0 0 0 0 0 0 0 0 0 0 0 0 0 0 0 0 0 0 10
146 0 0 0 0 0 0 0 0 0 0 0 0 0 0 0 0 0 10 0 0 0 -12 -12 0 0 0 0 0 -12 -12 -12 -12 0 0 0 0 0 0 0 0 0 0 0 0 0 0 0 0 0 0 0 0 0 0 0 0 0 0 0 0 0 0 10
153 0 0 0 0 0 0 0 0 0 0 0 0 0 0 0 0 0 10 0 0 0 -12 -12 0 0 0 0 0 -12 0 -12 -12 0 0 0 0 0 0 0 0 0 0 0 0 0 0 0 0 0 0 0 0 0 0 0 0 0 0 0 0 0 0 10
165 0 0 0 0 0 0 0 0 0 0 0 0 0 0 0 0 0 10 0 0 0 -12 0 0 0 0 0 0 -12 0 -12 -12 0 0 0 0 0 0 0 0 0 0 0 0 0 0 0 0 0 0 0 0 0 0 0 0 0 0 0 0 0 0 10
175 0 0 0 0 0 0 0 0 0 0 0 0 0 0 0 0 0 0 0 0 0 -12 0 0 0 0 0 0 -12 0 -12 -12 0 0 0 0 0 0 0 0 0 0 0 0 0 0 0 0 0 0 0 0 0 0 0 0 0 0 0 0 0 0 10
176 0 0 0 0 0 0 0 0 0 0 0 0 -12 0 0 0 0 0 0 0 0 -12 0 0 0 0 0 0 -12 0 -12 -12 0 0 0 0 0 0 0 0 0 0 0 0 0 0 0 0 0 0 0 0 0 0 0 0 0 0 0 0 0 0 10
177 0 0 0 0 0 0 0 0 0 0 0 0 -12 0 0 0 0 0 0 0 0 -12 0 0 0 0 0 -12 -12 0 -12 -12 0 0 -12 0 0 0 0 0 0 0 0 0 0 0 0 0 0 0 0 0 0 0 0 0 0 0 0 0 0 0 10
178 0 0 0 0 0 0 0 0 0 0 0 0 -12 0 0 0 0 0 0 0 0 -12 0 0 0 0 0 -12 -12 0 -12 -12 0 0 -12 0 0 0 0 0 0 0 0 0 0 0 0 0 0 0 0 0 0 0 0 0 0 0 0 0 0 0 0
180 0 0 0 0 0 0 0 0 0 0 0 0 -12 0 0 0 0 0 -12 0 0 -12 0 0 0 0 0 -12 -12 0 -12 -12 0 0 -12 0 0 0 0 0 0 0 0 0 0 0 0 0 0 0 0 0 0 0 0 0 0 0 0 0 0 0 0
181 0 0 0 0 0 0 0 0 0 0 0 0 -12 0 0 0 0 0 -12 0 -12 -12 0 0 0 0 0 -12 -12 -12 -12 -12 0 0 -12 0 0 0 0 0 0 0 0 0 0 0 0 0 0 0 0 0 0 0 0 0 0 0 0 0 0 0 0
185 0 0 0 0 0 0 0 0 0 0 0 0 -12 0 0 0 0 0 -12 0 -12 -12 0 0 0 0 0 -12 -12 -12 0 -12 0 0 -12 0 0 0 0 0 0 0 0 0 0 0 0 0 0 0 0 0 0 0 0 0 0 0 0 0 0 0 0
202 0 0 0 0 0 0 0 0 0 0 0 0 -12 0 0 0 0 0 -12 0 -12 -12 0 0 0 0 0 -12 -12 -12 0 -12 0 -12 -12 0 0 0 0 0 0 0 0 0 0 0 0 0 0 0 0 0 0 0 0 0 0 0 0 0 0 0 0
205 0 0 0 0 0 0 0 0 0 0 0 0 -12 0 0 0 0 0 -12 0 -12 -12 0 0 0 0 0 -12 -12 -12 0 -12 0 -12 -12 0 -12 0 0 0 0 0 0 0 0 0 0 0 0 0 0 0 0 0 0 0 0 0 0 0 0 0 0
208 0 0 0 0 0 0 0 0 0 0 0 0 -12 0 0 0 0 0 -12 0 -12 -12 0 0 0 0 0 -12 -12 -12 0 -12 0 -12 -12 0 0 0 0 0 0 0 0 0 0 0 0 0 0 0 0 0 0 0 0 0 0 0 0 0 0 0 0
214 0 0 0 0 0 0 0 0 10 0 0 0 -12 0 0 0 0 0 -12 0 -12 -12 0 0 0 0 0 -12 -12 -12 0 -12 0 0 -12 0 0 0 0 0 0 0 0 0 0 0 0 0 0 0 0 0 0 0 0 0 0 0 0 0 0 0 0
217 0 0 0 0 0 0 0 0 10 0 0 0 -12 0 0 0 0 0 -12 0 -12 -12 0 0 0 0 0 -12 -12 -12 -12 -12 0 0 0 0 0 0 0 0 0 0 0 0 0 0 0 0 0 0 0 0 0 0 0 0 0 0 0 0 0 0 0
218 0 0 0 0 0 0 0 0 10 0 0 0 -12 0 0 0 0 0 -12 0 -12 -12 0 0 0 0 0 -12 0 -12 -12 0 0 0 0 0 0 0 0 0 0 0 0 0 0 0 0 0 0 0 0 0 0 0 0 0 0 0 0 0 0 0 0
220 0 0 0 0 0 0 0 0 10 0 0 0 -12 0 0 0 0 0 -12 0 -12 -12 0 0 0 0 0 0 0 0 -12 0 0 0 0 0 0 0 0 0 0 0 0 0 0 0 0 0 0 0 0 0 0 0 0 0 0 0 0 0 0 0 0
227 0 0 0 0 0 0 0 0 10 0 0 0 -12 0 0 0 0 0 -12 0 0 0 0 0 0 0 0 0 0 0 -12 0 0 0 0 0 0 0 0 0 0 0 0 0 0 0 0 0 0 0 0 0 0 0 0 0 0 0 0 0 0 0 0
228 0 0 0 0 0 0 0 0 10 0 0 0 -12 0 0 0 0 0 0 0 0 0 0 0 0 0 0 0 0 0 -12 0 0 0 0 0 0 0 0 0 0 0 0 0 0 0 0 0 0 0 0 0 0 0 0 0 0 0 0 0 0 0 0
229 0 0 0 0 0 0 0 0 10 0 0 0 0 0 0 0 0 10 0 0 0 0 0 0 0 0 0 0 0 0 -12 0 0 0 0 0 0 0 0 0 0 0 0 0 0 0 0 0 0 0 0 0 0 0 0 0 0 0 0 0 0 0 0
231 0 0 0 0 0 0 0 0 10 0 0 0 0 0 0 0 0 10 0 0 0 0 0 0 0 0 0 0 0 0 -12 0 0 0 0 0 0 0 0 0 0 0 0 0 0 0 0 0 0 0 0 0 0 0 0 0 0 0 0 0 0 0 10
233 0 0 0 0 0 0 0 10 10 0 0 0 0 0 0 0 0 10 0 0 0 0 0 0 0 0 0 0 0 0 -12 0 0 0 0 0 0 0 0 0 0 0 0 0 0 0 0 0 0 0 0 0 0 0 0 0 0 0 0 0 0 0 10
234 10 0 0 0 0 0 0 10 10 0 0 0 0 0 0 0 0 10 0 0 0 0 0 0 0 0 0 0 0 0 -12 0 0 0 0 0 0 0 0 0 0 0 0 0 0 0 0 0 0 0 0 0 0 0 0 0 0 0 0 0 0 0 10
237 10 0 0 0 0 0 10 10 10 0 0 0 0 0 0 0 0 10 0 0 0 0 0 0 0 0 0 0 0 0 -12 0 0 0 0 0 0 0 0 0 0 0 0 0 0 0 0 0 0 0 0 0 0 0 0 0 0 0 0 0 0 0 10
239 10 0 0 0 0 0 10 10 10 0 0 0 0 0 0 0 0 10 0 0 0 0 0 0 0 0 0 0 0 0 -12 0 0 0 0 0 0 0 0 0 0 0 0 0 0 0 0 0 0 0 0 0 10 10 0 0 0 0 0 0 0 0 10
241 10 0 0 0 0 10 10 10 10 0 0 0 0 0 0 0 0 10 0 0 0 0 0 0 0 0 0 0 0 0 -12 0 0 0 0 0 0 0 0 0 0 0 0 0 0 0 0 0 0 0 0 0 10 10 0 0 0 0 0 0 0 0 10
242 10 0 0 0 0 10 10 10 10 0 0 0 0 0 0 0 0 10 0 0 0 0 0 0 0 0 0 0 0 0 -12 0 0 0 0 0 0 0 0 0 0 0 0 0 0 0 0 0 0 0 0 0 10 10 0 0 0 0 0 0 0 10 10
243 10 0 0 0 0 10 10 10 10 0 0 0 0 0 0 0 0 10 0 0 0 0 0 0 0 0 0 0 0 0 -12 0 0 0 0 0 0 0 0 0 0 0 0 0 0 0 0 0 0 0 0 0 10 10 0 0 0 0 0 0 10 10 10
244 10 10 0 0 0 10 10 10 10 0 0 0 0 0 0 0 0 10 0 0 0 0 0 0 0 0 0 0 0 0 -12 0 0 0 0 0 0 0 0 0 0 0 0 0 0 0 0 0 0 0 0 0 10 10 0 0 0 0 0 0 10 10 10
245 10 10 0 0 0 10 10 10 10 0 0 0 0 0 0 0 0 10 0 0 0 0 0 0 0 0 0 0 0 0 -12 0 0 0 0 0 0 0 0 0 0 0 0 0 10 0 0 0 0 0 0 0 10 10 0 0 0 0 0 0 10 10 10
246 10 10 0 0 0 10 10 10 10 0 0 0 0 0 0 0 10 10 0 0 0 0 0 0 0 0 0 0 0 0 -12 0 0 0 0 0 0 0 0 0 0 0 0 0 10 0 0 0 0 0 0 0 10 10 0 0 0 0 0 0 10 10 10
247 10 10 0 10 0 10 10 10 10 0 0 0 0 0 0 0 10 10 0 0 0 0 0 0 0 0 0 0 0 0 -12 0 0 0 0 0 0 0 0 0 0 0 0 0 10 10 0 0 0 0 0 0 10 10 0 0 0 0 0 0 10 10 10
248 10 10 10 10 0 10 10 10 10 0 0 0 0 0 0 0 10 10 0 0 0 0 0 0 0 0 0 0 0 0 -12 0 0 0 0 0 0 0 0 0 0 0 0 0 10 10 0 0 0 0 0 10 10 10 10 0 0 0 0 0 10 10 10
249 10 10 0 10 0 10 10 10 10 0 0 0 0 0 0 0 10 10 0 0 0 0 0 0 0 0 0 0 0 0 -12 0 0 0 0 0 0 0 0 0 0 0 0 0 10 10 0 0 0 0 0 10 10 10 10 0 0 0 0 0 10 10 10
250 10 10 0 10 0 10 10 10 10 0 0 0 0 0 0 0 10 10 0 0 0 0 0 0 0 0 0 0 0 0 -12 0 0 0 0 0 0 0 0 0 0 0 0 0 10 10 0 0 0 0 0 10 10 10 0 0 0 0 0 0 10 10 10
253 10 10 0 0 0 10 10 10 10 0 0 0 0 0 0 0 10 10 0 0 0 0 0 0 0 0 0 0 0 0 -12 0 0 0 0 0 0 0 0 0 0 0 0 0 10 10 0 0 0 0 0 10 10 10 0 0 0 0 0 0 10 10 10
254 10 10 0 0 0 10 10 10 10 0 0 0 0 0 0 0 10 10 0 0 0 0 0 0 0 0 0 0 0 0 -12 0 0 0 0 0 0 0 0 0 0 0 0 0 10 10 0 0 0 0 0 0 10 10 0 0 0 0 0 0 10 10 10
255 10 10 0 0 0 10 10 10 10 0 0 0 0 0 0 0 10 10 0 0 0 0 0 0 0 0 0 0 0 0 -12 0 0 0 0 0 0 0 0 0 0 0 0 0 10 0 0 0 0 0 0 0 10 10 0 0 0 0 0 0 10 10 10
260 10 10 0 0 0 10 10 10 10 0 0 0 0 0 0 0 10 10 0 0 0 0 0 0 0 0 0 0 0 -12 -12 0 0 0 0 0 0 0 0 0 0 0 0 0 10 0 0 0 0 0 0 0 10 10 0 0 0 0 0 0 10 10 10
264 10 10 0 0 0 10 10 10 10 0 0 0 0 0 0 0 10 10 0 0 0 0 0 0 0 0 0 0 0 -12 -12 0 0 0 0 0 0 0 0 0 0 0 0 0 10 0 0 0 0 0 0 0 10 10 0 0 0 0 0 0 0 10 10
267 10 10 0 0 0 10 10 10 10 0 0 0 0 0 0 0 10 10 0 0 0 -12 0 0 0 0 0 0 0 -12 -12 0 0 0 0 0 0 0 0 0 0 0 0 0 10 0 0 0 0 0 0 0 10 10 0 0 0 0 0 0 0 10 10
270 10 10 0 0 0 10 10 10 10 0 0 0 0 0 0 0 10 10 0 0 0 -12 0 0 0 0 0 0 0 -12 -12 -12 0 0 0 0 0 0 0 0 0 0 0 0 10 0 0 0 0 0 0 0 10 10 0 0 0 0 0 0 0 10 10
271 10 10 0 0 0 10 10 10 10 0 0 0 0 0 0 0 10 10 0 0 0 -12 0 0 0 0 10 0 0 -12 -12 -12 0 0 0 0 0 0 0 0 0 0 0 0 0 0 0 0 0 0 0 0 10 10 0 0 0 0 0 0 0 10 10
277 10 0 0 0 0 10 10 10 10 0 0 0 0 0 0 0 10 10 0 0 0 -12 0 0 0 0 10 0 0 -12 -12 -12 0 0 0 0 0 0 0 0 0 0 0 0 0 0 0 0 0 0 0 0 10 10 0 0 0 0 0 0 0 10 10
287 10 0 0 0 0 10 10 10 10 0 0 0 0 0 0 0 10 10 0 0 0 -12 0 0 0 0 10 0 0 -12 -12 -12 0 0 0 0 0 0 0 0 0 0 0 0 0 0 0 0 0 0 0 0 0 10 0 0 0 0 0 0 0 10 10
289 10 0 0 0 0 0 10 10 10 0 0 0 0 0 0 0 10 10 0 0 0 -12 0 0 0 0 10 0 0 -12 -12 -12 0 0 0 0 0 0 0 0 0 0 0 0 0 0 0 0 0 0 0 0 0 10 0 0 0 0 0 0 0 10 10
292 10 0 0 0 0 10 10 10 10 0 0 0 0 0 0 0 10 10 0 0 0 -12 0 0 0 0 10 0 0 -12 -12 -12 0 0 0 0 0 0 0 0 0 0 0 0 0 0 0 0 0 0 0 0 0 10 0 0 0 0 0 0 0 10 10
294 10 0 0 0 0 10 10 10 10 0 0 0 0 0 0 0 10 10 0 0 0 -12 0 0 0 0 10 0 0 -12 -12 -12 -12 0 0 0 0 0 0 0 0 0 0 0 0 0 0 0 0 0 0 0 10 10 0 0 0 0 0 0 0 10 10
300 10 10 0 0 0 10 10 10 10 0 0 0 0 0 0 0 10 10 0 0 0 -12 0 0 0 0 10 0 0 -12 -12 -12 -12 0 0 0 0 0 0 0 0 0 0 0 0 0 0 0 0 0 0 0 10 10 0 0 0 0 0 0 0 10 10
304 10 10 0 0 0 10 10 10 10 0 0 0 0 0 0 0 10 10 0 0 0 0 0 0 0 0 10 0 0 -12 -12 -12 -12 0 0 0 0 0 0 0 0 0 0 0 0 0 0 0 0 0 0 0 10 10 0 0 0 0 0 0 0 10 10
306 10 10 0 0 0 10 10 10 10 0 0 0 0 0 0 0 10 10 0 0 0 0 0 0 0 0 10 0 0 -12 -12 -12 -12 0 0 0 0 0 0 0 0 0 0 0 0 0 0 0 0 0 0 0 10 10 10 0 0 0 0 0 0 10 10
310 10 10 0 0 0 10 10 10 10 0 0 0 0 0 0 0 0 10 0 0 0 0 0 0 0 0 10 0 0 -12 -12 -12 -12 0 0 0 0 0 0 0 0 0 0 0 0 0 0 0 0 0 0 0 10 10 10 0 0 0 0 0 0 10 10
321 10 10 0 0 0 10 10 10 10 0 0 0 0 0 0 0 0 10 0 0 0 0 0 0 0 0 10 0 0 -12 -12 -12 -12 0 0 0 0 0 0 0 0 0 0 0 0 0 0 0 0 0 0 0 10 10 10 10 0 0 0 0 0 10 10
325 10 10 0 0 0 10 10 10 10 0 0 0 0 0 0 0 0 10 0 0 0 0 0 0 0 0 10 0 -12 -12 -12 -12 -12 0 0 0 0 0 0 0 0 0 0 0 0 0 0 0 0 0 0 0 10 10 10 10 0 0 0 0 0 10 10
327 10 10 0 0 0 10 10 10 10 0 0 0 0 0 0 0 0 10 0 0 0 0 0 0 0 0 10 0 -12 -12 0 -12 -12 0 0 0 0 0 0 0 0 0 0 0 0 0 0 0 0 0 0 0 10 10 10 10 0 0 0 0 0 10 10
330 10 10 0 0 0 10 10 10 10 0 0 0 0 0 0 0 0 10 0 0 0 0 0 0 0 0 10 0 -12 -12 0 -12 -12 0 0 0 0 0 0 0 0 0 0 0 0 10 0 0 0 0 0 0 10 10 10 10 0 0 0 0 0 10 10
333 10 10 0 0 0 10 10 10 10 0 0 0 0 0 0 0 0 10 0 0 0 0 0 0 0 0 10 0 -12 -12 0 -12 -12 0 0 0 0 0 0 0 0 0 0 0 0 0 0 0 0 0 0 0 10 10 10 10 0 0 0 0 0 10 10
335 10 10 0 0 0 10 10 10 10 0 0 0 0 0 0 0 0 10 0 0 0 0 0 0 0 0 10 0 -12 -12 -12 -12 -12 0 0 0 0 0 0 0 0 0 0 0 0 0 0 0 0 0 0 0 10 10 10 10 0 0 0 0 0 10 10
338 10 10 0 0 0 10 10 10 10 0 0 0 0 0 0 0 0 10 0 0 0 0 0 0 0 0 10 0 -12 -12 -12 -12 -12 0 0 0 0 0 0 0 0 0 0 0 0 0 0 0 0 0 0 0 10 10 10 0 0 0 0 0 0 10 10
340 10 10 10 0 0 10 10 10 10 0 0 0 0 0 0 0 0 10 0 0 0 0 0 0 0 0 10 0 -12 -12 -12 -12 -12 0 0 0 0 0 0 0 0 0 0 0 0 0 0 0 0 0 0 0 10 10 10 0 0 0 0 0 0 10 10
346 10 10 10 10 0 10 10 10 10 0 0 0 0 0 0 0 0 10 0 0 0 0 0 0 0 0 10 0 -12 -12 -12 -12 -12 0 0 0 0 0 0 0 0 0 0 0 0 0 0 0 0 0 0 0 10 10 10 0 0 0 0 0 0 10 10
348 10 10 10 10 10 10 10 10 10 0 0 0 0 0 0 0 10 10 0 0 0 0 0 0 0 0 10 0 -12 -12 -12 -12 -12 0 0 0 0 0 0 0 0 0 0 0 0 0 0 0 0 0 0 0 10 10 10 0 0 0 0 0 0 10 10
354 10 10 10 10 10 10 10 10 10 0 0 0 0 0 0 0 10 10 0 0 0 0 0 0 0 0 10 0 -12 -12 -12 -12 -12 0 0 0 0 0 0 0 0 0 0 0 0 0 0 0 0 0 0 0 10 10 10 0 0 0 0 0 10 10 10
355 10 10 10 10 10 10 10 10 10 10 0 0 0 0 0 0 10 10 0 0 0 0 0 0 0 0 10 0 -12 -12 -12 -12 -12 0 0 0 0 0 0 0 0 0 0 0 0 0 0 0 0 0 0 0 10 10 10 0 0 0 0 0 10 10 10
361 10 10 10 10 10 10 10 10 10 10 0 0 0 0 0 0 10 10 0 0 0 0 0 0 0 0 10 0 -12 -12 -12 -12 -12 0 0 10 0 0 0 0 0 0 0 0 0 0 0 0 0 0 0 0 10 10 10 0 0 0 0 0 10 10 10
369 10 10 10 10 10 10 10 10 10 10 0 0 0 0 0 10 10 10 0 0 0 0 0 0 0 0 10 0 -12 -12 -12 -12 -12 0 0 10 0 0 0 0 0 0 0 0 0 0 0 0 0 0 0 0 10 10 10 0 0 0 0 0 10 10 10
370 10 10 10 10 10 10 10 10 10 10 10 0 0 0 0 10 10 10 0 0 0 0 0 0 0 0 10 0 -12 -12 -12 -12 -12 0 0 10 0 0 0 0 0 0 0 0 0 0 0 0 0 0 0 0 10 10 10 0 0 0 0 0 10 10 10
372 10 10 10 10 10 10 10 10 10 10 10 0 0 0 0 10 10 10 0 0 0 0 0 0 0 0 10 0 -12 -12 -12 -12 -12 0 0 10 0 0 0 0 0 0 0 0 0 0 0 0 0 0 0 0 10 10 0 0 0 0 0 0 10 10 10
373 10 10 10 10 10 10 10 10 10 10 10 0 0 0 0 10 10 10 0 0 0 0 0 0 0 0 10 0 -12 -12 -12 -12 -12 0 0 10 0 0 0 0 0 0 0 0 0 0 0 0 0 0 0 0 10 10 0 0 0 0 0 0 0 10 10
375 10 10 10 10 10 10 10 10 10 10 0 0 0 0 0 10 10 10 0 0 0 0 0 0 0 0 10 0 -12 -12 -12 -12 -12 0 0 10 0 0 0 0 0 0 0 0 0 0 0 0 0 0 0 0 10 10 0 0 0 0 0 0 0 10 10
377 10 10 10 10 10 10 10 10 10 10 0 0 0 0 0 0 10 10 0 0 0 0 0 0 0 0 10 0 -12 -12 -12 -12 -12 0 0 10 0 0 0 0 0 0 0 0 0 0 0 0 0 0 0 0 10 10 0 0 0 0 0 0 0 10 10
379 10 10 10 10 10 10 10 10 10 10 0 0 0 0 0 0 10 10 0 0 0 0 0 0 0 0 10 0 -12 -12 -12 -12 -12 0 0 10 0 0 0 0 0 0 0 0 0 0 0 0 0 0 0 0 0 10 0 0 0 0 0 0 0 10 10
385 10 10 10 10 10 10 10 10 10 10 0 0 0 0 0 0 10 10 0 0 0 0 0 0 0 0 10 0 -12 -12 -12 -12 -12 0 0 10 0 0 0 0 0 0 0 0 0 0 0 0 0 0 0 0 0 10 0 0 0 0 0 0 0 0 10
387 10 10 10 10 10 10 10 10 10 0 0 0 0 0 0 0 10 10 0 0 0 0 0 0 0 0 10 0 -12 -12 -12 -12 -12 0 0 10 0 0 0 0 0 0 0 0 0 0 0 0 0 0 0 0 0 10 0 0 0 0 0 0 0 0 10
388 10 10 10 10 10 10 10 10 10 0 0 0 0 0 0 0 10 10 0 0 0 0 0 0 0 0 10 0 -12 -12 -12 -12 -12 0 0 0 0 0 0 0 0 0 0 0 0 0 0 0 0 0 0 0 0 10 0 0 0 0 0 0 0 0 10
392 10 10 10 0 10 0 10 10 10 0 0 0 0 0 0 0 10 10 0 0 0 0 0 0 0 0 10 0 -12 -12 -12 -12 -12 0 0 0 0 0 0 0 0 0 0 0 0 0 0 0 0 0 0 0 0 10 0 0 0 0 0 0 0 0 10
395 10 10 0 0 10 0 10 10 10 0 0 0 0 0 0 0 10 10 0 0 0 -12 0 0 0 0 10 0 -12 -12 -12 -12 -12 0 0 0 0 0 0 0 0 0 0 0 0 0 0 0 0 0 0 0 0 10 0 0 0 0 0 0 0 0 10
397 10 10 0 0 10 0 10 10 10 0 0 0 0 0 0 0 10 10 0 0 0 -12 0 0 0 0 10 0 -12 -12 -12 -12 -12 0 0 0 0 0 0 0 0 0 0 0 0 0 0 0 0 0 0 0 0 0 0 0 0 0 0 0 0 0 0
398 10 10 0 0 0 0 10 10 10 0 0 0 0 0 0 0 10 10 0 0 0 -12 0 0 0 0 10 0 -12 -12 -12 -12 -12 0 0 0 0 0 0 0 0 0 0 0 0 0 0 0 0 0 0 0 0 0 0 0 0 0 0 0 0 0 0
399 10 10 0 0 0 0 10 10 10 0 0 0 0 0 0 0 10 10 0 0 0 -12 0 0 0 0 10 0 -12 -12 -12 -12 -12 0 0 0 0 0 -12 0 0 0 0 0 0 0 0 0 0 0 0 0 0 0 0 0 0 0 0 0 0 0 0
400 10 10 0 0 0 0 10 10 10 0 0 0 0 0 0 0 0 10 0 0 0 -12 0 0 0 0 10 0 -12 -12 -12 -12 -12 0 0 0 0 0 -12 0 0 0 0 0 0 0 0 0 0 0 0 0 0 0 0 0 0 0 0 0 0 0 0
406 10 10 0 0 0 0 10 10 10 0 0 0 0 0 0 0 0 10 0 0 0 -12 0 0 0 0 10 0 -12 -12 -12 -12 -12 0 0 0 0 0 -12 -12 0 0 0 0 0 0 0 0 0 0 0 0 0 0 0 0 0 0 0 0 0 0 0
407 10 10 0 0 0 0 10 10 10 0 0 0 0 0 0 0 0 10 0 0 0 -12 0 0 0 0 10 0 -12 -12 -12 -12 -12 0 0 0 0 0 -12 -12 0 0 0 0 0 0 0 0 -12 0 0 0 0 0 0 0 0 0 0 0 0 0 0
409 10 10 0 0 0 0 10 10 10 0 0 0 0 0 0 0 0 10 0 0 0 -12 0 0 0 0 10 0 -12 -12 -12 -12 -12 0 0 0 0 0 -12 -12 0 -12 0 0 0 0 0 0 -12 0 0 0 0 0 0 0 0 0 0 0 0 0 0
410 10 10 0 0 0 0 10 10 10 0 0 0 0 0 0 0 0 10 0 0 0 -12 0 0 0 0 10 0 -12 -12 -12 -12 -12 0 0 0 0 0 -12 -12 0 -12 0 0 0 0 0 0 -12 0 0 0 0 0 0 0 0 0 0 -12 0 0 0
412 10 0 0 0 0 0 10 10 10 0 0 0 0 0 0 0 0 10 0 0 0 -12 0 0 0 0 10 0 -12 -12 -12 -12 -12 0 0 0 0 0 -12 -12 0 -12 0 0 0 0 0 0 -12 0 0 0 0 0 0 0 0 0 0 -12 0 0 0
416 10 0 0 0 0 0 10 10 10 0 0 0 0 0 0 0 0 10 0 0 0 -12 0 0 0 0 10 0 -12 -12 -12 -12 -12 -12 0 0 0 0 -12 -12 0 -12 0 0 0 0 0 0 -12 0 0 0 0 0 0 0 0 0 0 -12 0 0 0
420 10 0 0 0 0 0 10 10 10 0 0 0 0 0 0 0 0 10 0 0 0 -12 0 0 0 0 0 0 -12 -12 -12 -12 -12 -12 0 0 0 0 -12 -12 0 -12 0 0 0 0 0 0 -12 0 0 0 0 0 0 0 0 0 0 -12 0 0 0
421 10 10 0 0 0 0 10 10 10 0 0 0 0 0 0 0 0 10 0 0 0 -12 0 0 0 0 0 0 -12 -12 -12 -12 -12 -12 0 0 0 0 -12 -12 0 -12 0 0 0 0 0 0 -12 0 0 0 0 0 0 0 0 0 0 0 0 0 0
432 10 10 0 0 0 0 10 10 10 0 0 0 0 0 0 0 0 10 0 0 0 -12 0 0 0 0 0 0 -12 -12 -12 -12 -12 -12 0 0 0 0 0 -12 0 -12 0 0 0 0 0 0 -12 0 0 0 0 0 0 0 0 0 0 0 0 0 0
439 10 10 0 0 0 0 10 10 10 0 0 0 0 0 0 0 0 10 0 0 0 -12 0 0 0 0 0 0 -12 -12 -12 -12 -12 -12 0 0 0 0 0 -12 0 -12 0 0 0 0 0 0 0 0 0 0 0 0 0 0 0 0 0 0 0 0 0
441 10 10 0 0 0 0 10 10 10 0 0 0 0 0 0 0 0 0 0 0 0 -12 0 0 0 0 0 0 -12 -12 -12 -12 -12 -12 0 0 0 0 0 0 0 -12 0 0 0 0 0 0 0 0 0 0 0 0 0 0 0 0 0 0 0 0 0
444 10 10 0 0 0 0 10 10 10 0 0 0 0 0 0 0 0 0 0 0 0 -12 0 0 0 0 0 0 -12 -12 -12 -12 -12 -12 0 0 0 0 0 0 0 -12 0 0 0 0 0 0 0 -12 0 0 0 0 0 0 0 0 0 0 0 0 0
445 10 10 0 0 0 0 10 10 10 0 0 0 0 0 0 0 0 0 0 0 0 0 0 0 0 0 0 0 -12 -12 -12 -12 -12 -12 0 0 0 0 0 0 0 -12 0 0 0 0 0 0 0 -12 0 0 0 0 0 0 0 0 0 0 0 0 0
447 10 10 0 0 0 0 10 10 10 0 0 0 0 0 0 0 0 0 0 0 0 0 0 0 0 0 0 0 -12 -12 -12 -12 -12 -12 0 0 0 0 0 0 0 -12 0 0 0 0 0 0 0 -12 0 0 0 0 0 0 0 0 -12 0 0 0 0
449 10 10 0 0 0 0 10 10 10 0 0 0 0 0 0 0 0 0 0 0 0 0 0 0 0 0 0 0 0 -12 -12 -12 -12 -12 0 0 0 0 0 0 0 -12 0 0 0 0 0 0 0 -12 0 0 0 0 0 0 0 0 -12 0 0 0 0
450 10 10 0 0 0 0 10 10 10 0 0 0 0 0 0 0 0 0 0 0 0 0 0 0 0 0 0 0 0 -12 -12 -12 -12 -12 0 0 0 0 0 0 0 -12 0 0 0 0 0 0 0 -12 0 0 0 0 0 0 0 0 -12 0 0 0 10
458 10 10 0 0 0 0 10 10 10 0 0 0 0 0 0 0 0 0 0 0 0 0 0 0 0 0 0 0 0 -12 -12 -12 -12 -12 0 0 0 0 0 0 0 -12 0 0 0 0 0 0 0 -12 0 0 0 0 0 0 0 0 0 0 0 0 10
459 10 10 0 0 0 0 10 10 10 0 0 0 0 0 0 0 0 0 0 0 0 0 0 0 0 0 0 0 0 -12 -12 -12 -12 -12 0 0 0 0 0 0 0 0 0 0 0 0 0 0 0 0 0 0 0 0 0 0 0 0 0 0 0 0 10
461 10 10 0 0 0 0 10 10 10 10 0 0 0 0 0 0 0 0 0 0 0 0 0 0 0 0 0 0 0 -12 -12 -12 -12 -12 0 0 0 0 0 0 0 0 0 0 0 0 0 0 0 0 0 0 0 0 0 0 0 0 0 0 0 0 10
465 10 10 0 0 0 0 10 10 10 10 0 0 0 0 0 0 0 10 0 0 0 0 0 0 0 0 0 0 0 -12 -12 -12 -12 -12 0 0 0 0 0 0 0 0 0 0 0 0 0 0 0 0 0 0 0 0 0 0 0 0 0 0 0 0 10
470 10 10 0 0 0 0 10 10 10 10 0 0 0 0 0 0 0 10 0 0 0 0 0 0 0 0 0 0 0 -12 -12 -12 -12 -12 0 0 0 0 0 0 0 0 0 0 0 0 0 0 0 0 0 0 0 0 0 0 0 0 0 0 0 10 10
471 10 10 0 0 0 10 10 10 10 10 0 0 0 0 0 0 0 10 0 0 0 0 0 0 0 0 0 0 0 -12 -12 -12 -12 -12 0 0 0 0 0 0 0 0 0 0 0 0 0 0 0 0 0 0 0 0 0 0 0 0 0 0 0 10 10
473 10 10 10 0 0 10 10 10 10 10 0 0 0 0 0 0 0 10 0 0 0 0 0 0 0 0 0 0 0 -12 -12 -12 -12 -12 0 0 0 0 0 0 0 0 0 0 0 0 0 0 0 0 0 0 0 0 0 0 0 0 0 0 0 10 10
474 10 10 10 0 0 10 10 10 10 10 0 0 0 0 0 0 10 10 0 0 0 0 0 0 0 0 10 0 0 0 -12 -12 -12 -12 0 0 0 0 0 0 0 0 0 0 0 0 0 0 0 0 0 0 0 10 0 0 0 0 0 0 0 10 10
478 10 10 10 0 0 10 10 10 10 10 0 0 0 0 0 0 10 10 0 0 0 0 0 0 0 0 10 0 0 0 -12 -12 -12 0 0 0 0 0 0 0 0 0 0 0 0 0 0 0 0 0 0 0 0 10 0 0 0 0 0 0 0 10 10
480 10 10 10 0 10 10 10 10 10 10 0 0 0 0 10 0 10 10 0 0 0 0 0 0 0 0 10 0 0 0 -12 -12 -12 0 0 0 0 0 0 0 0 0 0 0 0 0 0 0 0 0 0 0 0 10 0 0 0 0 0 0 0 10 10
481 10 10 10 0 10 10 10 10 10 10 0 0 0 0 10 10 10 10 0 0 0 0 0 0 0 0 10 0 0 0 -12 0 -12 0 0 0 0 0 0 0 0 0 0 0 0 0 0 0 0 0 0 0 0 10 0 0 0 0 0 0 0 10 10
482 10 10 10 0 10 10 10 10 10 10 0 0 0 0 10 10 10 10 0 0 0 0 0 0 0 0 10 0 0 0 -12 0 -12 0 0 0 0 0 0 0 0 0 0 0 0 0 0 0 0 0 0 0 10 10 0 0 0 0 0 0 0 10 10
483 10 10 10 10 10 10 10 10 10 10 0 0 0 0 10 10 10 10 0 0 0 0 0 0 0 0 10 0 0 0 -12 0 -12 0 0 0 0 0 0 0 0 0 0 0 0 0 0 0 0 0 0 0 10 10 0 0 0 0 0 0 0 10 10
484 10 10 10 10 10 10 10 10 10 10 0 0 0 0 10 10 10 10 0 0 0 0 0 0 0 0 10 0 0 0 -12 0 0 0 0 0 0 0 0 0 0 0 0 0 10 0 0 0 0 0 0 0 10 10 0 0 0 0 0 0 0 10 10
486 10 10 10 10 10 10 10 10 10 10 0 0 0 0 10 10 10 10 0 0 0 0 0 0 0 10 10 0 0 0 -12 0 0 0 0 0 0 0 0 0 0 0 0 0 10 0 0 0 0 0 0 0 10 10 0 0 0 0 0 0 0 10 10
488 10 10 10 10 10 10 10 10 10 10 0 0 0 0 10 10 10 10 0 0 0 0 0 0 0 10 10 0 0 0 -12 0 0 0 0 10 0 0 0 0 0 0 0 0 10 0 0 0 0 0 0 0 10 10 0 0 0 0 0 0 0 10 10
489 10 10 10 10 10 10 10 10 10 10 0 0 0 0 10 10 10 10 0 0 0 0 0 0 0 10 10 0 0 0 0 0 0 0 0 10 0 0 0 0 0 0 0 0 10 0 0 0 0 0 0 0 10 10 0 0 0 0 0 0 0 10 10
490 10 10 10 10 10 10 10 10 10 10 0 0 0 0 10 10 10 10 0 0 0 0 0 0 0 10 10 0 0 0 0 0 0 0 0 10 0 0 0 0 0 0 0 0 10 0 0 0 0 0 0 0 10 10 10 0 0 0 0 0 0 10 10
491 10 10 10 10 10 10 10 10 10 10 10 0 0 0 10 10 10 10 0 0 0 0 0 0 0 10 10 0 0 0 0 0 0 0 0 10 0 0 0 0 0 0 0 0 10 0 0 0 0 0 0 10 10 10 10 0 0 0 0 0 0 10 10
492 10 10 10 10 10 10 10 10 10 10 10 0 0 0 10 10 10 10 0 0 0 0 0 0 0 10 10 0 0 0 0 0 0 0 0 10 0 0 0 0 0 0 0 0 10 10 0 0 0 0 0 10 10 10 10 0 0 0 0 0 10 10 10
493 10 10 10 10 10 10 10 10 10 10 10 0 0 0 10 10 10 10 0 0 0 0 0 0 0 10 10 0 0 0 0 0 0 0 0 10 0 0 0 0 0 0 0 10 10 10 0 0 0 0 0 10 10 10 10 0 0 0 0 0 10 10 10
494 10 10 10 10 10 10 10 10 10 10 10 0 0 0 10 10 10 10 10 0 0 0 0 0 0 10 10 0 0 0 0 0 0 0 0 10 0 0 0 0 0 0 0 10 10 10 0 0 0 0 0 10 10 10 10 0 0 0 0 10 10 10 10
495 10 10 10 10 10 10 10 10 10 10 10 0 0 10 10 10 10 10 10 0 0 0 0 0 10 10 10 0 0 0 0 0 0 0 0 10 0 0 0 0 0 0 0 10 10 10 0 0 0 0 0 10 10 10 10 0 0 0 0 10 10 10 10
496 10 10 10 10 10 10 10 10 10 10 10 0 0 10 10 10 10 10 10 0 0 0 0 0 10 10 10 0 0 0 0 0 0 0 0 10 0 0 0 0 0 0 0 10 10 10 10 0 0 0 10 10 10 10 10 0 0 10 0 10 10 10 10
497 10 10 10 10 10 10 10 10 10 10 10 0 0 10 10 10 10 10 10 0 0 0 0 0 10 10 10 0 0 0 0 0 0 0 0 10 0 0 0 0 0 0 0 10 10 10 10 0 0 0 10 10 10 10 10 0 0 0 0 10 10 10 10
498 10 10 10 10 10 10 10 10 10 10 10 0 0 10 10 10 10 10 10 0 0 0 0 0 10 10 10 0 0 0 0 0 0 0 0 10 0 0 0 0 0 0 0 10 10 10 0 0 0 0 0 10 10 10 10 0 0 0 0 10 10 10 10
499 10 10 10 10 10 10 10 10 10 10 10 0 0 0 10 10 10 10 10 0 0 0 0 0 0 10 10 0 0 0 -12 0 0 0 0 10 0 0 0 0 0 0 0 10 10 10 0 0 0 0 0 10 10 10 10 0 0 0 0 10 10 10 10
500 10 10 10 10 10 10 10 10 10 10 10 0 0 0 10 10 10 10 0 0 0 0 0 0 0 10 10 0 0 0 -12 0 0 0 0 10 0 0 0 0 0 0 0 10 10 10 0 0 0 0 0 10 10 10 10 0 0 0 0 0 10 10 10
501 10 10 10 10 10 10 10 10 10 10 0 0 0 0 10 10 10 10 0 0 0 0 0 0 0 10 10 0 0 0 -12 0 0 0 0 10 0 0 0 0 0 0 0 0 10 10 0 0 0 0 0 10 10 10 10 0 0 0 0 0 10 10 10
503 10 10 10 10 10 10 10 10 10 10 0 0 0 0 10 10 10 10 0 0 0 0 0 0 0 10 10 0 0 0 -12 0 0 0 0 10 0 0 0 0 0 0 0 0 10 10 0 0 0 0 0 10 10 10 10 0 0 0 0 0 0 10 10
505 10 10 10 10 10 10 10 10 10 10 0 0 0 0 10 10 10 10 0 0 0 0 0 0 0 10 10 0 0 0 -12 0 0 0 0 10 0 0 0 0 0 0 0 0 10 0 0 0 0 0 0 0 10 10 10 0 0 0 0 0 0 10 10
508 10 10 10 10 10 10 10 10 10 10 0 0 0 0 10 10 10 10 0 0 0 0 0 0 0 0 10 0 0 0 -12 0 0 0 0 10 0 0 0 0 0 0 0 0 10 0 0 0 0 0 0 0 10 10 0 0 0 0 0 0 0 10 10
509 10 10 10 10 10 10 10 10 10 10 0 0 0 0 10 10 10 10 0 0 0 0 0 0 0 0 10 0 0 -12 -12 0 0 0 0 10 0 0 0 0 0 0 0 0 10 0 0 0 0 0 0 0 10 10 0 0 0 0 0 0 0 10 10
510 10 10 10 10 10 10 10 10 10 0 0 0 0 0 10 10 10 10 0 0 0 0 0 0 0 0 10 0 0 -12 -12 0 0 0 0 0 0 0 0 0 0 0 0 0 10 0 0 0 0 0 0 0 10 10 0 0 0 0 0 0 0 10 10
512 10 10 10 10 10 10 10 10 10 0 0 0 0 0 0 10 10 10 0 0 0 0 0 0 0 0 10 0 0 -12 -12 0 0 0 0 0 0 0 0 0 0 0 0 0 10 0 0 0 0 0 0 0 10 10 0 0 0 0 0 0 0 10 10
513 10 10 10 10 10 10 10 10 10 0 0 0 0 0 0 10 10 10 0 0 0 -12 0 0 0 0 10 0 0 -12 -12 0 0 0 0 0 0 0 0 0 0 0 0 0 10 0 0 0 0 0 0 0 10 10 0 0 0 0 0 0 0 10 10
514 10 10 10 10 10 10 10 10 10 0 0 0 0 0 0 10 10 10 0 0 0 -12 0 0 0 0 10 0 0 -12 -12 0 -12 0 0 0 0 0 0 0 0 0 0 0 10 0 0 0 0 0 0 0 0 10 0 0 0 0 0 0 0 10 10
515 10 10 10 0 10 10 10 10 10 0 0 0 0 0 0 10 10 10 0 0 0 -12 0 0 0 0 10 0 0 -12 -12 -12 -12 0 0 0 0 0 0 0 0 0 0 0 0 0 0 0 0 0 0 0 0 10 0 0 0 0 0 0 0 10 10
518 10 10 10 0 10 10 10 10 10 0 0 0 0 0 0 0 10 10 0 0 0 -12 0 0 0 0 10 0 0 -12 -12 -12 -12 0 0 0 0 0 0 0 0 0 0 0 0 0 0 0 0 0 0 0 0 10 0 0 0 0 0 0 0 10 10
519 10 10 10 0 0 10 10 10 10 0 0 0 0 0 0 0 10 10 0 0 0 -12 0 0 0 0 0 0 0 -12 -12 -12 -12 0 0 0 0 0 0 0 0 0 0 0 0 0 0 0 0 0 0 0 0 10 0 0 0 0 0 0 0 10 10
523 10 10 10 0 0 10 10 10 10 0 0 0 0 0 0 0 10 10 0 0 0 -12 0 0 0 0 0 0 0 -12 -12 -12 -12 0 0 0 0 0 0 0 0 0 0 0 0 0 0 0 0 0 0 0 0 10 0 0 0 0 0 0 0 0 10
526 10 10 0 0 0 10 10 10 10 0 0 0 0 0 0 0 10 10 0 0 0 -12 0 0 0 0 0 0 -12 -12 -12 -12 -12 0 0 0 0 0 0 0 0 0 0 0 0 0 0 0 0 0 0 0 0 10 0 0 0 0 0 0 0 0 10
529 10 10 0 0 0 10 10 10 10 0 0 0 0 0 0 0 0 10 0 0 0 -12 0 0 0 0 0 0 -12 -12 -12 -12 -12 0 0 0 0 0 0 0 0 0 0 0 0 0 0 0 0 0 0 0 0 10 0 0 0 0 0 0 0 0 10
530 10 10 0 0 0 10 10 10 10 0 0 0 0 0 0 0 0 10 0 0 0 -12 0 0 0 0 0 0 -12 -12 -12 -12 -12 0 0 0 0 0 -12 0 0 0 0 0 0 0 0 0 0 0 0 0 0 10 0 0 0 0 0 0 0 0 10
532 10 10 0 0 0 10 10 10 10 0 0 0 0 0 0 0 0 10 0 0 0 -12 0 0 0 0 0 0 -12 -12 -12 -12 -12 -12 0 0 0 0 -12 0 0 0 0 0 0 0 0 0 0 0 0 0 0 10 0 0 0 0 0 0 0 0 10
533 10 10 0 0 0 10 10 10 10 0 0 0 0 0 0 0 0 10 0 0 0 -12 0 0 0 0 0 0 -12 -12 -12 -12 -12 -12 0 0 0 0 -12 0 0 0 0 0 0 0 0 0 0 0 0 0 0 0 0 0 0 0 0 0 0 0 10
534 10 10 0 0 0 10 10 10 10 0 0 0 0 0 0 0 0 10 0 0 0 -12 0 0 0 0 0 0 -12 -12 -12 -12 -12 -12 0 0 0 0 -12 -12 0 0 0 0 0 0 0 0 0 0 0 0 0 0 0 0 0 0 0 0 0 0 10
536 10 10 0 0 0 0 10 10 10 0 0 0 0 0 0 0 0 10 0 0 0 -12 0 0 0 0 0 0 -12 -12 -12 -12 -12 -12 0 0 0 0 -12 -12 0 0 0 0 0 0 0 0 0 0 0 0 0 0 0 0 0 0 0 0 0 0 10
546 10 10 0 0 0 0 10 10 10 0 0 0 0 0 0 0 0 10 0 0 0 -12 0 0 0 0 0 0 -12 -12 -12 -12 -12 -12 0 0 0 0 0 -12 0 0 0 0 0 0 0 0 0 0 0 0 0 0 0 0 0 0 0 0 0 0 10
553 10 10 0 0 0 10 10 10 10 0 0 0 0 0 0 0 0 10 0 0 0 -12 0 0 0 0 0 0 -12 -12 -12 -12 -12 -12 0 0 0 0 0 0 0 0 0 0 0 0 0 0 0 0 0 0 0 0 0 0 0 0 0 0 0 0 10
555 10 10 0 0 0 10 10 10 10 0 0 0 0 0 0 0 0 10 0 0 0 -12 0 0 0 0 0 0 -12 -12 -12 -12 -12 -12 0 0 0 0 0 0 0 0 0 0 0 0 0 0 0 0 0 0 0 10 0 0 0 0 0 0 0 0 10
557 10 10 0 0 0 10 10 10 10 0 0 0 0 0 0 0 0 10 0 0 0 -12 0 0 0 0 0 0 0 -12 -12 -12 -12 -12 0 0 0 0 0 0 0 0 0 0 0 0 0 0 0 0 0 0 0 10 0 0 0 0 0 0 0 0 10
566 10 10 0 0 0 10 10 10 10 0 0 0 0 0 0 0 0 10 0 0 0 -12 0 0 0 0 0 0 0 -12 -12 -12 -12 0 0 0 0 0 0 0 0 0 0 0 0 0 0 0 0 0 0 0 0 10 0 0 0 0 0 0 0 0 10
576 10 10 0 0 0 10 10 10 10 0 0 0 0 0 0 0 0 10 0 0 0 -12 0 0 0 0 0 0 0 0 -12 -12 -12 0 0 0 0 0 0 0 0 0 0 0 0 0 0 0 0 0 0 0 0 10 10 0 0 0 0 0 0 0 10
584 10 10 0 0 0 10 10 10 10 0 0 0 0 0 0 0 0 10 0 0 0 -12 0 0 0 0 0 0 0 0 -12 -12 -12 0 0 0 0 0 0 0 0 0 0 0 0 0 0 0 0 0 0 0 0 10 0 0 0 0 0 0 0 0 10
590 10 10 0 0 0 10 10 10 10 0 0 0 0 0 0 0 0 10 0 0 0 0 0 0 0 0 0 0 0 0 -12 -12 -12 0 0 0 0 0 0 0 0 0 0 0 0 0 0 0 0 0 0 0 0 10 0 0 0 0 0 0 0 0 10
591 10 10 0 0 0 10 10 10 10 0 0 0 0 0 0 0 0 10 0 0 0 0 0 0 0 0 0 0 0 0 -12 -12 -12 0 0 0 0 0 0 0 0 0 0 0 0 0 0 0 0 0 0 0 0 0 0 0 0 0 0 0 0 0 10
596 10 10 0 0 0 10 10 10 10 0 0 0 0 0 0 0 0 10 0 0 0 0 0 0 0 0 0 0 0 -12 -12 -12 -12 0 0 0 0 0 0 0 0 0 0 0 0 0 0 0 0 0 0 0 0 0 0 0 0 0 0 0 0 0 10
603 10 10 0 0 0 0 10 10 10 0 0 0 0 0 0 0 0 10 0 0 0 0 0 0 0 0 0 0 0 -12 -12 -12 -12 0 0 0 0 0 0 0 0 0 0 0 0 0 0 0 0 0 0 0 0 0 0 0 0 0 0 0 0 0 10
604 10 10 0 0 0 0 0 10 10 0 0 0 0 0 0 0 0 10 0 0 0 0 0 0 0 0 0 0 0 -12 -12 -12 -12 0 0 0 0 0 0 0 0 0 0 0 0 0 0 0 0 0 0 0 0 0 0 0 0 0 0 0 0 0 10
605 10 10 0 0 0 0 0 10 10 0 0 0 0 0 0 0 0 10 0 0 0 0 0 0 0 0 0 0 0 -12 -12 -12 0 0 0 0 0 0 0 0 0 0 0 0 0 0 0 0 0 0 0 0 0 0 0 0 0 0 0 0 0 0 10
618 10 10 0 0 0 0 0 10 10 0 0 0 0 0 0 0 0 10 0 0 0 0 0 0 0 0 0 0 -12 -12 -12 -12 0 0 0 0 0 0 0 0 0 0 0 0 0 0 0 0 0 0 0 0 0 0 0 0 0 0 0 0 0 0 10
624 10 10 0 0 0 0 0 10 10 0 0 0 0 0 0 0 0 10 0 0 0 0 0 0 0 0 0 0 0 -12 -12 -12 0 0 0 0 0 0 0 0 0 0 0 0 0 0 0 0 0 0 0 0 0 0 0 0 0 0 0 0 0 0 10
630 10 10 0 0 0 0 0 10 10 0 0 0 0 0 0 0 0 10 0 0 0 0 -12 0 0 0 0 0 0 -12 -12 -12 0 0 0 0 0 0 0 0 0 0 0 0 0 0 0 0 0 0 0 0 0 0 0 0 0 0 0 0 0 0 10
633 10 10 0 0 0 0 0 10 10 0 0 0 0 0 0 0 0 10 0 0 0 0 -12 0 0 0 0 0 0 -12 -12 -12 -12 0 0 0 0 0 0 0 0 0 0 0 0 0 0 0 0 0 0 0 0 0 0 0 0 0 0 0 0 0 10
640 10 10 0 0 0 0 0 10 10 0 0 0 0 0 0 0 0 10 0 0 0 -12 -12 0 0 0 0 0 0 -12 -12 -12 -12 0 0 0 0 0 0 0 0 0 0 0 0 0 0 0 0 0 0 0 0 0 0 0 0 0 0 0 0 0 10
641 10 0 0 0 0 0 0 10 10 0 0 0 0 0 0 0 0 10 0 0 0 -12 -12 0 0 0 0 0 0 -12 -12 -12 -12 0 0 0 0 0 0 0 0 0 0 0 0 0 0 0 0 0 0 0 0 0 0 0 0 0 0 0 0 0 10
650 10 0 0 0 0 0 0 10 10 0 0 0 0 0 0 0 0 10 0 0 0 -12 -12 0 0 0 0 0 0 -12 -12 -12 -12 0 0 10 0 0 0 0 0 0 0 0 0 0 0 0 0 0 0 0 0 0 0 0 0 0 0 0 0 0 10
656 10 0 0 0 0 0 0 10 10 0 0 0 0 0 0 0 0 10 0 0 0 -12 -12 0 0 0 0 0 0 -12 -12 -12 -12 0 10 10 0 0 0 0 0 0 0 0 0 0 0 0 0 0 0 0 0 0 0 0 0 0 0 0 0 0 10
659 10 0 0 0 0 0 0 10 10 0 0 0 0 0 0 0 0 10 0 0 0 -12 -12 0 0 0 0 0 0 -12 -12 -12 -12 0 10 10 0 0 0 -12 0 0 0 0 0 0 0 0 0 0 0 0 0 0 0 0 0 0 0 0 0 0 10
660 10 0 0 0 0 0 0 10 10 0 0 0 0 0 0 0 0 10 0 0 0 -12 -12 0 0 0 0 0 0 -12 -12 -12 -12 0 10 10 0 0 0 -12 0 0 0 0 10 0 0 0 0 0 0 0 0 0 0 0 0 0 0 0 0 0 10
664 10 0 0 0 0 0 0 10 10 0 0 0 0 0 0 0 0 10 0 0 0 -12 -12 0 0 0 0 0 0 -12 -12 -12 -12 0 10 10 0 0 0 -12 0 0 0 0 0 0 0 0 0 0 0 0 0 0 0 0 0 0 0 0 0 0 10
668 10 0 0 0 0 0 0 10 10 0 0 0 0 0 0 0 0 10 0 0 0 -12 -12 0 0 0 0 0 0 -12 -12 -12 -12 0 0 10 0 0 0 -12 0 0 0 0 0 0 0 0 0 0 0 0 0 0 0 0 0 0 0 0 0 0 10
670 10 0 0 0 0 0 0 10 10 0 0 0 0 0 0 0 0 10 0 0 0 -12 -12 0 0 0 0 0 0 -12 -12 -12 -12 0 0 0 0 0 0 -12 0 0 0 0 0 0 0 0 0 0 0 0 0 0 0 0 0 0 0 0 0 0 10
673 10 0 0 0 0 0 10 10 10 0 0 0 0 0 0 0 0 10 0 0 0 -12 -12 0 0 0 0 0 0 -12 -12 -12 -12 0 0 0 0 0 0 -12 0 0 0 0 0 0 0 0 0 0 0 0 0 0 0 0 0 0 0 0 0 0 10
675 10 0 0 0 0 0 10 10 10 0 0 0 0 0 0 0 0 10 0 0 0 0 -12 0 0 0 0 0 0 -12 -12 -12 -12 0 0 0 0 0 0 -12 0 0 0 0 0 0 0 0 0 0 0 0 0 0 0 0 0 0 0 0 0 0 10
678 10 0 0 0 0 0 10 10 10 0 0 0 0 0 0 0 0 10 0 0 0 0 0 0 0 0 0 0 0 -12 -12 -12 -12 0 0 0 0 0 0 -12 0 0 0 0 0 0 0 0 0 0 0 0 0 0 0 0 0 0 0 0 0 0 10
683 10 0 0 0 0 0 10 10 10 0 0 0 0 0 0 0 0 10 0 0 0 0 0 0 0 0 0 0 0 -12 -12 -12 -12 0 0 0 0 0 0 -12 -12 0 0 0 0 0 0 0 0 0 0 0 0 0 0 0 0 0 0 0 0 0 10
690 10 10 0 0 0 0 10 10 10 0 0 0 0 0 0 0 10 10 0 0 0 0 0 0 0 0 0 0 0 -12 -12 -12 -12 0 0 0 0 0 0 -12 -12 0 0 0 0 0 0 0 0 0 0 0 0 0 0 0 0 0 0 0 0 0 10
694 10 10 0 0 0 0 10 10 10 0 0 0 0 0 0 0 10 10 0 0 0 0 0 0 0 0 0 0 0 -12 -12 -12 -12 0 0 0 0 0 0 -12 -12 0 0 0 0 0 0 0 0 -12 0 0 0 0 0 0 0 0 0 0 0 0 10
698 10 10 0 0 0 10 10 10 10 0 0 0 0 0 0 0 10 10 0 0 0 0 0 0 0 0 0 0 0 -12 -12 -12 -12 0 0 0 0 0 0 -12 -12 0 0 0 0 0 0 0 0 -12 0 0 0 0 0 0 0 0 0 0 0 0 0
700 10 10 0 0 0 10 10 10 10 0 0 0 0 0 0 0 10 10 0 0 0 0 0 0 0 0 0 0 0 -12 -12 -12 -12 0 0 0 0 0 0 -12 -12 0 0 0 0 0 0 0 0 -12 0 0 0 0 0 0 0 -12 0 0 0 0 0
701 10 10 0 0 0 10 10 10 10 0 0 0 0 0 0 0 10 10 0 0 0 0 0 0 0 0 0 0 0 -12 -12 -12 -12 0 0 0 0 0 0 -12 -12 0 0 0 0 0 0 0 -12 -12 0 0 0 0 0 0 0 -12 0 0 0 0 0
702 10 10 0 0 0 10 10 10 0 0 0 0 0 0 0 0 10 10 0 0 0 0 0 0 0 0 0 0 0 -12 -12 -12 -12 0 0 0 0 0 0 -12 -12 0 0 0 0 0 0 0 -12 -12 0 0 0 0 0 0 0 -12 0 0 0 0 0
707 10 10 0 0 0 0 10 10 0 0 0 0 0 0 0 0 10 10 0 0 0 0 0 0 0 0 0 0 0 -12 -12 -12 -12 0 0 0 0 0 0 -12 -12 0 0 0 0 0 0 0 0 -12 0 0 0 0 0 0 0 0 0 0 0 0 0
708 10 10 0 0 0 0 10 10 10 0 0 0 0 0 0 0 10 10 0 0 0 0 0 0 0 0 0 0 0 -12 -12 -12 -12 0 0 0 0 0 0 -12 -12 0 0 0 0 0 0 0 0 -12 0 0 0 0 0 0 0 0 0 0 0 0 0
713 10 10 0 0 0 0 10 10 10 0 0 0 0 0 0 0 0 10 0 0 0 0 0 0 0 0 0 0 0 -12 -12 -12 -12 0 0 0 0 0 0 -12 -12 0 0 0 0 0 0 0 0 0 0 0 0 0 0 0 0 0 0 0 0 0 0
714 10 10 0 0 0 0 10 10 10 0 0 0 0 0 0 0 0 10 0 0 0 0 0 0 0 0 0 0 0 -12 -12 -12 -12 0 0 0 0 0 0 -12 0 0 0 0 0 0 0 0 0 0 0 0 0 0 0 0 0 0 0 0 0 0 0
715 10 10 0 0 0 0 10 10 10 0 0 0 0 0 0 0 0 10 0 0 0 0 0 0 0 0 0 0 0 -12 -12 -12 -12 0 0 0 0 0 0 -12 0 0 0 0 0 0 0 0 0 0 0 0 0 0 0 0 0 0 0 0 0 0 10
716 10 10 0 0 0 0 10 10 10 0 0 0 0 0 0 0 0 10 0 0 0 -12 0 0 0 0 0 0 0 -12 -12 -12 -12 0 0 0 0 0 0 -12 0 0 0 0 0 0 0 0 0 0 0 0 0 0 0 0 0 0 0 0 0 0 10
717 10 10 0 0 0 0 0 10 10 0 0 0 0 0 0 0 0 10 0 0 0 -12 0 0 0 0 0 0 0 -12 -12 -12 -12 0 0 0 0 0 0 -12 0 0 0 0 0 0 0 0 0 0 0 0 0 0 0 0 0 0 0 0 0 0 10
725 10 10 0 0 0 0 0 0 10 0 0 0 0 0 0 0 0 10 0 0 0 -12 0 0 0 0 0 0 0 -12 -12 -12 -12 0 0 0 0 0 0 0 0 0 0 0 0 0 0 0 0 0 0 0 0 0 0 0 0 0 0 0 0 0 10
729 10 0 0 0 0 0 0 0 10 0 0 0 0 0 0 0 0 10 0 0 0 -12 0 0 0 0 0 0 0 -12 -12 -12 -12 0 0 0 0 0 0 0 0 0 0 0 0 0 0 0 0 0 0 0 0 0 0 0 0 0 0 0 0 0 10
747 10 0 0 0 0 0 0 10 10 0 0 0 0 0 0 0 0 10 0 0 0 -12 0 0 0 0 0 0 0 -12 -12 -12 -12 0 0 0 0 0 0 0 0 0 0 0 0 0 0 0 0 0 0 0 0 0 0 0 0 0 0 0 0 0 10
748 10 0 0 0 0 0 0 10 10 0 0 0 0 0 0 0 0 10 0 0 0 -12 0 0 0 0 0 0 0 -12 -12 -12 -12 0 0 0 0 0 0 0 0 0 0 0 0 0 0 0 0 0 0 0 0 10 0 0 0 0 0 0 0 0 10
750 10 10 0 0 0 0 0 10 10 0 0 0 0 0 0 0 0 10 0 0 0 -12 0 0 0 0 0 0 0 -12 -12 -12 -12 0 0 0 0 0 0 0 0 0 0 0 0 0 0 0 0 0 0 0 0 10 0 0 0 0 0 0 0 0 10
759 10 10 0 0 0 0 10 10 10 0 0 0 0 0 0 0 0 10 0 0 0 -12 0 0 0 0 0 0 0 -12 -12 -12 -12 0 0 0 0 0 0 0 0 0 0 0 0 0 0 0 0 0 0 0 0 10 0 0 0 0 0 0 0 0 10
763 10 10 0 0 0 0 10 10 10 0 0 0 0 0 0 0 10 10 0 0 0 -12 0 0 0 0 0 0 0 -12 -12 -12 -12 0 0 0 0 0 0 0 0 0 0 0 0 0 0 0 0 0 0 0 0 10 0 0 0 0 0 0 0 0 10
765 10 10 0 0 0 0 10 10 10 0 0 0 0 0 0 0 10 10 0 0 0 -12 0 0 0 0 0 0 0 -12 -12 -12 0 0 0 0 0 0 0 0 0 0 0 0 0 0 0 0 0 0 0 0 0 10 0 0 0 0 0 0 0 0 10
767 10 10 0 0 0 0 10 10 10 10 0 0 0 0 0 0 10 10 0 0 0 -12 0 0 0 0 0 0 0 -12 -12 -12 0 0 0 0 0 0 0 0 0 0 0 0 0 0 0 0 0 0 0 0 0 10 0 0 0 0 0 0 0 0 10
769 10 10 0 0 0 0 10 10 10 10 0 0 0 0 0 0 10 10 0 0 0 -12 0 0 0 0 10 0 0 -12 -12 -12 0 0 0 0 0 0 0 0 0 0 0 0 0 0 0 0 0 0 0 0 0 10 0 0 0 0 0 0 0 0 10
770 10 10 0 0 0 10 10 10 10 10 0 0 0 0 0 0 10 10 0 0 0 -12 0 0 0 0 10 0 0 -12 -12 -12 0 0 0 0 0 0 0 0 0 0 0 0 0 0 0 0 0 0 0 0 0 10 0 0 0 0 0 0 0 0 10
772 10 10 10 0 0 10 10 10 10 10 0 0 0 0 0 0 10 10 0 0 0 -12 0 0 0 0 10 0 0 -12 -12 -12 0 0 0 0 0 0 0 0 0 0 0 0 0 0 0 0 0 0 0 0 0 10 0 0 0 0 0 0 0 0 10
775 10 10 10 10 10 10 10 10 10 10 0 0 0 0 0 0 10 10 0 0 0 -12 0 0 0 0 10 0 0 -12 -12 -12 0 0 0 0 0 0 0 0 0 0 0 0 0 0 0 0 0 0 0 0 0 10 0 0 0 0 0 0 0 0 10
779 10 10 10 10 10 10 10 10 10 10 0 0 0 0 0 0 10 10 10 0 0 -12 0 0 0 0 10 0 0 0 -12 -12 0 0 0 0 0 0 0 0 0 0 0 0 0 0 0 0 0 0 0 0 0 10 0 0 0 0 0 0 0 0 10
780 10 10 10 10 10 10 10 10 10 10 0 0 0 0 0 0 10 10 10 0 0 -12 0 0 0 0 10 0 0 0 -12 0 0 0 0 0 0 0 0 0 0 0 0 0 0 0 0 0 0 0 0 0 0 10 0 0 0 0 0 0 0 0 10
782 10 10 10 10 10 10 10 10 10 10 10 0 0 0 0 0 10 10 10 0 0 -12 0 0 0 0 10 0 0 0 -12 0 0 0 0 0 0 0 0 0 0 0 0 0 0 0 0 0 0 0 0 0 0 10 0 0 0 0 0 0 0 0 10
783 10 10 10 10 10 10 10 10 10 10 10 0 0 0 0 10 10 10 10 0 0 -12 0 0 0 0 10 0 0 0 -12 0 0 0 0 0 0 0 0 0 0 0 0 0 0 0 0 0 0 0 0 0 0 10 0 0 0 0 0 0 0 0 10
784 10 10 10 10 10 10 10 10 10 10 10 0 0 0 0 10 10 10 10 0 0 -12 0 0 0 0 10 0 0 0 -12 0 0 0 0 0 0 0 0 0 0 0 0 0 0 0 0 0 0 0 0 0 10 10 0 0 0 0 0 0 0 0 10
790 10 10 10 10 10 10 10 10 10 10 10 0 0 0 0 10 10 10 10 0 0 0 0 0 0 0 10 0 0 0 -12 0 0 0 0 0 0 0 0 0 0 0 0 0 0 0 0 0 0 0 0 0 10 10 0 0 0 0 0 0 0 0 10
795 10 10 10 10 10 10 10 10 10 10 10 0 0 0 0 10 10 10 10 0 0 0 0 0 0 0 10 0 0 0 -12 0 0 0 0 0 0 0 0 0 0 0 0 0 0 10 0 0 0 0 0 0 10 10 0 0 0 0 0 0 0 0 10
797 10 10 10 10 10 10 10 10 10 10 10 0 0 0 0 0 10 10 10 0 0 0 0 0 0 0 10 0 0 0 -12 0 0 0 0 0 0 0 0 0 0 0 0 0 0 10 0 0 0 0 0 0 10 10 0 0 0 0 0 0 0 0 10
802 10 10 10 10 10 10 10 10 10 10 10 0 0 0 0 0 10 10 10 0 0 0 0 0 0 0 10 0 0 -12 -12 0 0 0 0 0 0 0 0 0 0 0 0 0 0 10 0 0 0 0 0 0 10 10 0 0 0 0 0 0 0 0 10
817 10 10 10 10 10 10 10 10 10 10 10 0 0 0 0 0 10 10 10 0 0 0 0 10 0 0 10 0 0 -12 -12 0 0 0 0 0 0 0 0 0 0 0 0 0 0 10 0 0 0 0 0 0 10 10 0 0 0 0 0 0 0 0 10
822 10 10 10 10 10 10 10 10 10 10 10 0 0 0 0 0 10 10 10 0 0 0 0 10 0 0 10 0 0 -12 -12 0 0 0 0 0 0 0 0 0 0 0 0 0 0 10 0 0 0 0 0 0 10 10 10 0 0 0 0 0 0 0 10
824 10 10 10 10 0 10 10 10 10 10 10 0 0 0 0 0 10 10 10 0 0 0 0 10 0 0 10 0 0 -12 -12 0 0 0 0 0 0 0 0 0 0 0 0 0 0 10 0 0 0 0 0 0 10 10 10 0 0 0 0 0 0 0 10
827 10 10 10 10 0 10 10 10 10 10 10 0 0 0 0 0 10 10 0 0 0 0 0 10 0 0 10 0 0 -12 -12 0 0 0 0 0 0 0 0 0 0 0 0 0 0 10 0 0 0 0 0 0 10 10 10 0 0 0 0 0 0 0 10
830 10 10 10 10 10 10 10 10 10 10 10 0 0 0 0 0 10 10 0 0 0 0 0 10 0 0 10 0 0 -12 -12 0 0 0 0 0 0 0 0 0 0 0 0 0 0 10 0 0 0 0 0 0 10 10 10 0 0 0 0 0 0 0 10
831 10 10 10 10 10 10 10 10 10 10 10 0 0 0 0 0 10 10 0 0 0 0 0 10 0 0 10 0 0 -12 -12 -12 0 0 0 0 0 0 0 0 0 0 0 0 0 10 0 0 0 0 0 0 10 10 10 0 0 0 0 0 0 0 10
835 10 10 10 10 10 10 10 10 10 10 10 0 0 0 0 0 10 10 0 0 0 0 0 10 0 0 10 0 0 -12 -12 -12 0 0 0 0 0 0 0 0 0 0 0 0 0 10 0 0 0 0 0 0 10 10 10 10 0 0 0 0 0 0 10
845 10 10 10 10 10 10 10 10 10 10 10 0 0 0 0 0 10 10 0 0 0 0 0 0 0 0 10 0 0 -12 -12 -12 0 0 0 0 0 0 0 0 0 0 0 0 0 10 0 0 0 0 0 0 10 10 10 10 0 0 0 0 0 0 10
846 10 10 10 10 10 10 10 10 10 10 10 0 0 0 0 10 10 10 0 0 0 0 0 0 0 0 10 0 0 -12 -12 -12 0 0 0 0 0 0 0 0 0 0 0 0 0 10 0 0 0 0 0 0 10 10 10 10 0 0 0 0 0 0 10
848 10 10 10 10 10 10 10 10 10 10 10 0 0 0 0 10 10 10 0 0 0 0 0 0 10 0 10 0 0 -12 -12 -12 0 0 0 0 0 0 0 0 0 0 0 0 0 10 0 0 0 0 0 0 10 10 10 10 0 0 0 0 0 10 10
851 10 10 10 10 10 10 10 10 10 10 10 0 0 0 0 10 10 10 0 0 0 0 0 0 10 0 10 0 0 0 -12 -12 0 0 0 0 0 0 0 0 0 0 0 0 0 10 0 0 0 0 0 0 10 10 10 10 0 0 0 0 0 10 10
855 10 10 10 10 10 10 10 10 10 10 10 0 0 0 0 10 10 10 0 0 0 0 0 0 10 10 10 0 0 0 -12 -12 0 0 0 0 0 0 0 0 0 0 0 0 0 10 0 0 0 0 0 0 10 10 10 10 0 0 0 0 0 10 10
857 10 10 10 10 10 10 10 10 10 10 10 0 0 0 0 10 10 10 0 0 0 0 0 0 10 10 10 0 0 0 -12 -12 0 0 0 0 0 0 0 0 0 0 0 0 0 0 0 0 0 0 0 0 10 10 10 10 0 0 0 0 0 10 10
858 10 10 10 10 10 10 10 10 10 10 10 0 0 0 10 10 10 10 0 0 0 0 0 0 10 10 10 0 0 0 -12 -12 0 0 0 0 0 0 0 0 0 0 0 0 0 0 0 0 0 0 0 0 10 10 10 10 0 0 0 0 0 10 10
861 10 10 10 10 10 10 10 10 10 10 10 0 0 0 10 10 10 10 0 0 0 0 0 0 10 10 10 0 0 0 -12 -12 0 0 0 0 0 0 0 0 0 0 0 0 0 0 0 0 0 0 0 10 10 10 10 10 0 0 0 0 0 10 10
864 10 10 10 10 10 10 10 10 10 10 10 0 0 0 10 10 10 10 0 0 0 0 0 0 10 10 10 0 0 0 -12 -12 0 10 0 0 0 0 0 0 0 0 0 0 0 0 0 0 0 0 0 10 10 10 10 10 0 0 0 0 0 10 10
866 10 10 10 10 10 10 10 10 10 10 10 0 0 0 10 10 10 10 0 0 0 0 0 0 10 10 10 0 0 0 -12 -12 0 10 0 0 0 0 0 0 0 0 0 0 10 0 0 0 0 0 0 10 10 10 10 10 0 0 0 0 0 10 10
872 10 10 10 10 10 10 10 10 10 10 10 0 0 0 10 10 10 10 0 0 0 0 0 0 10 10 10 0 0 0 -12 -12 0 10 0 10 0 0 0 0 0 0 0 0 10 0 0 0 0 0 0 10 10 10 10 10 0 0 0 0 0 10 10
875 10 10 10 10 10 10 10 10 10 10 0 0 0 0 10 10 10 10 0 0 0 0 0 0 10 10 10 0 0 0 -12 -12 0 10 0 10 0 0 0 0 0 0 0 0 10 0 0 0 0 0 0 0 10 10 10 10 0 0 0 0 0 10 10
877 10 10 10 10 10 10 10 10 10 10 0 0 0 0 10 10 10 10 0 0 0 0 0 0 10 10 10 0 0 0 -12 -12 0 10 10 10 0 0 0 0 0 0 0 0 10 0 0 0 0 0 0 0 10 10 10 10 0 0 0 0 0 10 10
878 10 10 10 10 10 10 10 10 10 10 0 0 0 0 10 10 10 10 0 0 0 0 0 0 10 10 10 0 0 -12 -12 -12 0 10 10 10 0 0 0 0 0 0 0 0 10 0 0 0 0 0 0 0 10 10 10 10 0 0 0 0 0 10 10
879 10 10 10 10 10 10 10 10 10 10 0 0 0 0 10 10 10 10 0 0 0 0 0 0 10 10 10 0 0 -12 -12 -12 0 10 10 10 0 0 0 0 0 0 0 0 10 0 0 0 0 0 0 0 10 10 10 10 0 0 0 0 0 0 10
881 10 10 10 10 10 10 10 10 10 10 0 0 0 0 0 10 10 10 0 0 0 0 0 0 10 10 10 0 0 -12 -12 -12 0 10 10 10 0 0 0 0 0 0 0 10 10 0 0 0 0 0 0 0 10 10 10 10 0 0 0 0 0 0 10
885 10 10 10 10 10 10 10 10 10 10 0 0 0 0 0 10 10 10 0 0 0 0 0 0 10 10 10 0 0 -12 -12 -12 0 10 10 10 0 0 0 0 0 0 0 10 10 0 0 0 0 0 0 0 10 10 10 0 0 0 0 0 0 0 10
889 10 10 10 10 10 10 10 10 10 10 0 0 0 0 0 10 10 10 10 0 0 0 0 0 10 10 10 0 0 -12 -12 -12 0 10 10 10 0 0 0 0 0 0 0 10 10 0 0 0 0 0 0 0 10 10 10 0 0 0 0 0 0 0 10
895 10 10 10 10 10 10 10 10 10 10 0 0 0 0 0 10 10 10 10 0 0 0 0 0 10 10 10 0 0 -12 -12 -12 0 10 10 10 0 0 0 0 0 0 0 10 10 0 0 0 0 0 0 0 0 10 10 0 0 0 0 0 0 0 10
896 10 10 10 10 10 10 10 10 10 10 0 0 0 0 0 0 10 10 10 0 0 0 0 0 10 10 10 0 0 -12 -12 -12 0 10 10 10 0 0 0 0 0 0 0 10 10 0 0 0 0 0 0 0 0 10 10 0 0 0 0 0 0 0 10
899 10 10 10 10 10 10 10 10 10 10 0 0 0 0 0 0 10 10 10 0 0 0 0 0 10 10 10 0 0 -12 -12 -12 0 10 10 10 0 0 0 0 0 0 0 10 10 0 0 0 0 0 0 0 0 10 10 0 0 0 0 0 0 0 0
905 10 10 10 10 0 10 10 10 10 10 0 0 0 0 0 0 10 10 10 0 0 0 0 0 10 10 10 0 0 -12 -12 -12 0 10 10 10 0 0 0 0 0 0 0 10 10 0 0 0 0 0 0 0 0 10 10 0 0 0 0 0 0 0 0
913 10 10 10 10 0 10 10 10 10 10 0 0 0 0 0 0 10 10 10 0 0 0 0 0 10 10 10 0 0 -12 -12 -12 0 0 10 10 0 0 0 0 0 0 0 10 10 0 0 0 0 0 0 0 0 10 0 0 0 0 0 0 0 0 0
914 10 10 10 10 0 10 10 10 10 10 0 0 0 0 0 0 10 10 10 0 0 0 0 0 0 10 10 0 0 -12 -12 -12 0 0 10 10 0 0 0 0 0 0 0 10 10 0 0 0 0 0 0 0 0 10 0 0 0 0 0 0 0 0 0
917 10 10 10 10 10 10 10 10 10 10 0 0 0 0 0 0 10 10 10 0 0 0 0 0 0 10 10 0 0 -12 -12 -12 0 0 10 10 0 0 0 0 0 0 0 10 10 0 0 0 0 0 0 0 0 10 0 0 0 0 0 0 0 0 0
926 10 10 10 10 10 10 10 10 10 10 0 0 0 0 0 0 10 10 10 0 0 0 0 0 0 10 10 0 0 -12 -12 -12 0 0 10 10 0 0 0 0 0 0 0 10 10 0 0 0 0 0 0 0 0 10 0 0 0 0 0 0 0 0 10
935 10 10 10 10 10 10 10 10 10 10 0 0 0 0 0 10 10 10 10 0 0 0 0 0 0 10 10 0 0 -12 -12 -12 0 0 10 10 0 0 0 0 0 0 0 10 10 0 0 0 0 0 0 0 0 10 0 0 0 0 0 0 0 0 10
939 10 10 10 10 10 10 10 10 10 10 0 0 0 0 0 10 10 10 0 0 0 0 0 0 0 0 10 0 0 -12 -12 -12 0 0 10 10 0 0 0 0 0 0 0 10 10 0 0 0 0 0 0 0 0 10 0 0 0 0 0 0 0 0 10
940 10 10 10 10 10 10 10 10 10 10 0 0 0 0 0 10 10 10 0 0 0 0 0 0 0 0 10 0 0 -12 -12 -12 0 0 10 10 0 0 0 0 0 0 0 10 10 0 0 0 0 0 0 0 10 10 0 0 0 0 0 0 0 0 10
941 10 10 10 10 10 10 10 10 10 10 0 0 0 0 0 10 10 10 0 0 0 0 0 0 0 0 10 0 0 -12 -12 -12 0 0 10 10 0 0 0 0 0 0 0 10 10 0 0 0 0 0 0 0 10 10 0 0 0 0 0 0 0 10 10
951 10 10 10 10 10 10 10 10 10 10 10 0 0 0 0 10 10 10 0 0 0 0 0 0 0 0 10 0 0 -12 -12 -12 0 0 10 10 0 0 0 0 0 0 0 10 10 0 0 0 0 0 0 0 10 10 0 0 0 0 0 0 0 10 10
952 10 10 10 0 10 10 10 10 10 10 0 0 0 0 0 10 10 10 0 0 0 0 0 0 0 0 10 0 -12 -12 -12 -12 0 0 10 10 0 0 0 0 0 0 0 10 10 0 0 0 0 0 0 0 10 10 0 0 0 0 0 0 0 10 10
953 10 10 10 0 10 10 10 10 10 10 0 0 0 0 0 10 10 10 0 0 0 0 0 0 0 0 10 0 -12 -12 -12 -12 0 0 10 10 0 0 0 0 0 0 0 0 10 0 0 0 0 0 0 0 10 10 0 0 0 0 0 0 0 10 10
956 10 10 10 0 10 10 10 10 10 10 0 0 0 0 0 10 10 10 0 0 0 0 0 0 0 0 10 0 -12 -12 -12 -12 0 0 10 10 0 0 0 0 0 0 0 0 10 0 0 0 0 0 0 0 0 10 0 0 0 0 0 0 0 10 10
960 10 10 10 0 10 10 10 10 10 10 0 0 0 0 0 10 10 10 0 0 0 0 0 0 0 0 10 0 -12 -12 -12 -12 0 0 0 10 0 0 0 0 0 0 0 0 10 0 0 0 0 0 0 0 0 10 0 0 0 0 0 0 0 10 10
962 10 10 10 0 10 10 10 10 10 10 0 0 0 0 0 10 10 10 0 0 0 0 0 0 0 0 10 0 -12 -12 -12 -12 -12 0 0 10 0 0 0 0 0 0 0 0 10 0 0 0 0 0 0 0 0 10 0 0 0 0 0 0 0 10 10
963 10 10 10 0 10 10 10 10 10 0 0 0 0 0 0 10 10 10 0 0 0 0 0 0 0 0 10 0 -12 -12 -12 -12 -12 0 0 10 0 0 0 0 0 0 0 0 10 0 0 0 0 0 0 0 0 10 0 0 0 0 0 0 0 10 10
966 10 10 0 0 10 10 10 10 10 0 0 0 0 0 0 10 10 10 0 0 0 0 0 0 0 0 10 0 -12 -12 -12 -12 -12 0 0 10 0 0 0 0 0 0 0 0 10 0 0 0 0 0 0 0 0 10 0 0 0 0 0 0 0 0 10
969 10 10 0 0 0 10 10 10 10 0 0 0 0 0 0 0 10 10 0 0 0 0 0 0 0 0 10 0 -12 -12 -12 -12 -12 0 0 10 0 0 0 0 0 0 0 0 10 0 0 0 0 0 0 0 0 10 0 0 0 0 0 0 0 0 10
970 10 10 0 0 0 10 10 10 10 0 0 0 0 0 0 0 10 10 0 0 0 0 0 0 0 0 10 0 -12 -12 -12 -12 -12 0 0 10 0 0 0 0 0 0 0 0 0 0 0 0 0 0 0 0 0 10 0 0 0 0 0 0 0 0 10
971 10 10 0 0 0 10 10 10 10 0 0 0 0 0 0 0 10 10 0 0 0 0 0 0 0 0 10 0 -12 -12 -12 -12 -12 0 0 0 0 0 0 0 0 0 0 0 0 0 0 0 0 0 0 0 0 10 0 0 0 0 0 0 0 0 10
976 10 10 0 0 0 0 10 10 10 0 0 0 0 0 0 0 10 10 0 0 0 0 0 0 0 0 10 0 -12 -12 -12 -12 -12 0 0 0 0 0 0 0 0 0 0 0 0 0 0 0 0 0 0 0 0 10 0 0 0 0 0 0 0 0 10
980 10 10 0 0 0 0 10 10 10 0 0 0 0 0 0 0 10 10 0 0 0 0 0 0 0 0 0 0 -12 -12 -12 -12 -12 0 0 0 0 0 0 0 0 0 0 0 0 0 0 0 0 0 0 0 0 0 0 0 0 0 0 0 0 0 10
987 10 0 0 0 0 0 10 10 10 0 0 0 0 0 0 0 10 10 0 0 0 0 0 0 0 0 0 0 -12 -12 -12 -12 -12 0 0 0 0 0 0 0 0 0 0 0 0 0 0 0 0 0 0 0 0 0 0 0 0 0 0 0 0 0 10
995 10 0 0 0 0 0 10 10 10 0 0 0 0 0 0 0 0 10 0 0 0 0 0 0 0 0 0 0 -12 -12 -12 -12 -12 0 0 0 0 0 0 0 0 0 0 0 0 0 0 0 0 0 0 0 0 0 0 0 0 0 0 0 0 0 10
1006 10 0 0 0 0 0 10 10 10 0 0 0 0 0 0 0 0 10 0 0 0 0 0 0 0 0 0 0 -12 -12 -12 -12 -12 -12 0 0 0 0 0 0 0 0 0 0 0 0 0 0 0 0 0 0 0 0 0 0 0 0 0 0 0 0 10
1008 10 0 0 0 0 0 10 10 10 0 0 0 0 0 0 0 0 10 0 0 0 0 0 0 0 0 0 0 0 -12 -12 -12 -12 -12 0 0 0 0 0 0 0 0 0 0 0 0 0 0 0 0 0 0 0 0 0 0 0 0 0 0 0 0 10
1012 10 0 0 0 0 0 10 10 10 0 0 0 0 0 0 0 0 10 0 0 0 0 0 0 0 0 0 0 0 -12 -12 -12 -12 -12 0 0 0 0 0 0 0 0 0 0 0 0 0 0 0 0 0 0 0 10 0 0 0 0 0 0 0 0 10
1017 10 0 0 0 0 0 0 10 10 0 0 0 0 0 0 0 0 10 0 0 0 0 0 0 0 0 0 0 0 -12 -12 -12 -12 -12 0 0 0 0 0 0 0 0 0 0 0 0 0 0 0 0 0 0 0 10 0 0 0 0 0 0 0 0 10
1029 10 10 0 0 0 0 0 10 10 0 0 0 0 0 0 0 0 10 0 0 0 0 0 0 0 0 0 0 0 -12 -12 -12 -12 -12 0 0 0 0 0 0 0 0 0 0 0 0 0 0 0 0 0 0 0 10 0 0 0 0 0 0 0 0 10
1032 10 10 0 0 0 0 0 10 10 0 0 0 0 0 0 0 0 10 0 0 0 0 0 0 0 0 0 0 0 0 -12 -12 -12 -12 0 0 0 0 0 0 0 0 0 0 0 0 0 0 0 0 0 0 0 10 10 0 0 0 0 0 0 0 10
1033 10 10 0 0 0 0 0 10 10 0 0 0 0 0 0 0 0 10 0 10 0 0 0 0 0 0 0 0 0 0 -12 -12 -12 -12 0 0 0 0 0 0 0 0 0 0 0 0 0 0 0 0 0 0 0 10 10 0 0 0 0 0 0 0 10
1050 10 10 0 0 0 0 0 10 10 0 0 0 0 0 0 0 10 10 0 10 0 0 0 0 0 0 0 0 0 0 -12 -12 -12 -12 0 0 0 0 0 0 0 0 0 0 0 0 0 0 0 0 0 0 0 10 10 0 0 0 0 0 0 0 10
1057 10 10 10 0 0 0 0 10 10 0 0 0 0 0 0 0 10 10 0 10 0 0 0 0 0 0 0 0 0 0 -12 -12 -12 -12 0 0 0 0 0 0 0 0 0 0 0 0 0 0 0 0 0 0 0 10 10 0 0 0 0 0 0 0 10
1058 10 10 10 0 0 0 0 10 10 10 0 0 0 0 0 0 10 10 0 10 0 0 0 0 0 0 0 0 0 0 -12 -12 -12 -12 0 0 0 0 0 0 0 0 0 0 0 0 0 0 0 0 0 0 0 10 10 0 0 0 0 0 0 0 10
1060 10 10 10 0 0 10 0 10 10 10 0 0 0 0 0 0 10 10 0 10 0 0 0 0 0 0 0 0 0 0 -12 -12 -12 -12 0 0 0 0 0 0 0 0 0 0 0 0 0 0 0 0 0 0 0 10 10 0 0 0 0 0 0 0 10
1062 10 10 10 0 0 10 10 10 10 10 0 0 0 0 0 0 10 10 0 10 0 0 0 0 0 0 0 0 0 0 -12 -12 -12 -12 0 0 0 0 0 0 0 0 0 0 0 0 0 0 0 0 0 0 0 10 10 0 0 0 0 0 0 0 10
1063 10 10 10 0 0 10 10 10 10 10 0 0 0 0 0 0 10 10 0 10 0 0 0 0 0 0 10 0 0 0 -12 -12 -12 -12 0 0 0 0 0 0 0 -12 0 0 0 0 0 0 0 0 0 0 0 10 10 0 0 0 0 0 0 0 10
1066 10 10 10 0 10 10 10 10 10 10 0 0 0 0 0 0 10 10 0 10 0 0 0 0 0 0 10 0 0 0 -12 -12 -12 -12 0 0 0 0 0 0 0 -12 0 0 0 0 0 0 0 0 0 0 0 10 10 0 0 0 0 0 0 0 10
1069 10 10 10 10 10 10 10 10 10 10 0 0 0 0 0 0 10 10 0 10 0 0 0 0 0 0 10 0 0 0 -12 -12 -12 -12 0 0 0 0 0 0 0 -12 0 0 0 0 0 0 0 0 0 0 0 10 10 0 0 0 0 0 0 0 10
1071 10 10 10 10 10 10 10 10 10 10 10 0 0 0 0 0 10 10 0 10 0 0 0 0 0 0 10 0 0 0 -12 -12 -12 -12 0 0 0 0 0 0 0 -12 0 0 0 0 0 0 0 0 0 0 0 10 10 0 0 0 0 0 0 0 10
1073 10 10 10 10 10 10 10 10 10 10 10 0 0 0 0 0 10 10 0 10 0 0 0 0 0 0 10 0 0 0 -12 -12 -12 0 0 0 0 0 0 0 0 -12 0 0 0 0 0 0 0 0 0 0 0 10 10 0 0 0 0 0 0 0 10
1075 10 10 10 10 10 10 10 10 10 10 10 0 0 0 0 0 10 10 0 10 0 0 0 0 0 10 10 0 0 0 -12 -12 -12 0 0 0 0 0 0 0 0 -12 0 0 0 0 0 0 0 0 0 0 0 10 10 0 0 0 0 0 0 0 10
1076 10 10 10 10 10 10 10 10 10 10 0 0 0 0 0 0 10 10 0 10 0 0 0 0 0 0 10 0 0 0 -12 -12 -12 0 0 0 0 0 0 0 0 -12 0 0 0 0 0 0 0 0 0 0 0 10 10 0 0 0 0 0 0 0 10
1078 10 10 10 10 10 10 10 10 10 10 0 0 0 0 0 0 10 10 0 0 0 0 0 0 0 0 10 0 0 0 -12 -12 -12 0 0 0 0 0 0 0 0 -12 0 0 0 0 0 0 0 0 0 0 0 10 10 0 0 0 0 0 0 0 10
1080 10 10 10 0 10 10 10 10 10 10 0 0 0 0 0 0 10 10 0 0 0 0 0 0 0 0 10 0 0 0 -12 -12 -12 0 0 0 0 0 0 0 0 -12 0 0 0 0 0 0 0 0 0 0 0 10 10 0 0 0 0 0 0 0 10
1081 10 10 10 0 10 10 10 10 10 10 0 0 0 0 0 0 10 10 0 0 0 0 0 0 0 0 10 0 0 0 -12 -12 -12 0 0 0 0 0 0 0 0 -12 0 0 0 0 0 0 0 0 0 0 0 0 10 0 0 0 0 0 0 0 10
1085 10 10 10 0 10 10 10 10 10 10 0 0 0 0 0 0 10 10 0 0 0 0 0 0 0 0 10 0 0 0 -12 -12 -12 0 0 0 0 0 0 0 0 -12 0 0 0 0 0 0 0 0 0 0 0 0 0 0 0 0 0 0 0 0 10
1086 10 10 10 0 0 10 10 10 10 10 0 0 0 0 0 0 10 10 0 0 0 0 0 0 0 0 10 0 0 0 -12 -12 -12 0 0 0 0 0 0 0 0 -12 0 0 0 0 0 0 0 0 0 0 0 0 0 0 0 0 0 0 0 0 10
1087 10 10 10 0 0 10 10 10 10 10 0 0 0 0 0 0 10 10 0 0 0 0 0 0 0 0 10 0 0 0 -12 -12 -12 0 0 0 0 0 0 0 0 0 0 0 0 0 0 0 0 0 0 0 0 0 0 0 0 0 0 0 0 0 10
1090 10 10 10 0 0 10 10 10 10 0 0 0 0 0 0 0 10 10 0 0 0 0 0 0 0 0 10 0 0 0 -12 -12 -12 0 0 0 0 0 0 0 0 0 0 0 0 0 0 0 0 0 0 0 0 0 0 0 0 0 0 0 0 0 10
1093 10 10 10 0 0 10 10 10 10 0 0 0 0 0 0 0 0 10 0 0 0 0 0 0 0 0 10 0 0 0 -12 -12 -12 0 0 0 0 0 0 0 0 0 0 0 0 0 0 0 0 0 0 0 0 0 0 0 0 0 0 0 0 0 10
1094 10 10 0 0 0 10 10 10 10 0 0 0 0 0 0 0 0 10 0 0 0 0 0 0 0 0 10 0 0 0 -12 -12 -12 0 0 0 0 0 0 0 0 0 0 0 0 0 0 0 0 0 0 0 0 0 0 0 0 0 0 0 0 0 10
1097 10 10 0 0 0 10 0 10 10 0 0 0 0 0 0 0 0 10 0 0 0 0 0 0 0 0 10 0 0 0 -12 -12 -12 0 0 0 0 0 0 0 0 0 0 0 0 0 0 0 0 0 0 0 0 0 0 0 0 0 0 0 0 0 10
1105 10 10 0 0 0 10 0 10 10 0 0 0 0 0 0 0 0 0 0 0 0 0 0 0 0 0 10 0 0 0 -12 -12 -12 0 0 0 0 0 0 0 0 0 0 0 0 0 0 0 0 0 0 0 0 0 0 0 0 0 0 0 0 0 10
1106 10 10 0 0 0 10 0 10 10 0 0 0 0 0 0 0 0 0 0 0 0 0 0 0 0 0 0 0 0 0 -12 -12 -12 0 0 0 0 0 0 0 0 0 0 0 0 0 0 0 0 0 0 0 0 0 0 0 0 0 0 0 0 0 10
1111 10 10 0 0 0 10 0 10 10 0 0 0 0 0 0 0 0 0 0 0 0 0 0 0 0 0 0 0 0 -12 -12 -12 0 0 0 0 0 0 0 0 0 0 0 0 0 0 0 0 0 0 0 0 0 0 0 0 0 0 0 0 0 0 10
1113 10 10 0 0 0 10 0 0 10 0 0 0 0 0 0 0 0 0 0 0 0 0 0 0 0 0 0 0 0 -12 -12 -12 0 0 0 0 0 0 0 0 0 0 0 0 0 0 0 0 0 0 0 0 0 0 0 0 0 0 0 0 0 0 10
1117 10 10 0 0 0 0 0 0 10 0 0 0 0 0 0 0 0 0 0 0 0 0 0 0 0 0 0 0 0 -12 -12 -12 0 0 0 0 0 0 0 0 0 0 0 0 0 0 0 0 0 0 0 0 0 0 0 0 0 0 0 0 0 0 10
1118 10 10 0 0 0 0 0 0 10 0 0 0 0 0 0 0 0 0 0 0 0 0 0 0 0 0 0 0 -12 -12 -12 -12 0 0 0 0 0 0 0 0 0 0 0 0 0 0 0 0 0 0 0 0 0 0 0 0 0 0 0 0 0 0 10
1122 10 0 0 0 0 0 0 0 10 0 0 0 0 0 0 0 0 0 0 0 0 0 0 0 0 0 0 0 -12 -12 -12 -12 0 0 0 0 0 0 0 0 0 0 0 0 0 0 0 0 0 0 0 0 0 0 0 0 0 0 0 0 0 0 10
1124 10 0 0 0 0 0 0 0 10 0 0 0 0 0 0 0 0 0 0 0 0 0 0 0 0 0 0 0 -12 0 -12 -12 0 0 0 0 0 0 0 0 0 0 0 0 0 0 0 0 0 0 0 0 0 0 0 0 0 0 0 0 0 0 10
1127 10 0 0 0 0 0 0 0 10 0 0 0 0 0 0 0 0 0 0 0 0 0 0 0 0 0 0 0 -12 0 -12 -12 -12 0 0 0 0 0 0 0 0 0 0 0 0 0 0 0 0 0 0 0 0 0 0 0 0 0 0 0 0 0 10
1134 0 0 0 0 0 0 0 0 10 0 0 0 0 0 0 0 0 0 0 0 0 0 0 0 0 0 0 0 -12 0 -12 -12 -12 0 0 0 0 0 0 0 0 0 0 0 0 0 0 0 0 0 0 0 0 0 0 0 0 0 0 0 0 0 10
1136 0 0 0 0 0 0 0 10 10 0 0 0 0 0 0 0 0 0 0 0 0 0 0 0 0 0 0 0 -12 0 -12 -12 -12 0 0 0 0 0 0 0 0 0 0 0 0 0 0 0 0 0 0 0 0 0 0 0 0 0 0 0 0 0 10
1139 0 0 0 0 0 0 0 10 10 0 0 0 0 0 0 0 0 0 0 0 0 0 -12 0 0 0 0 0 -12 0 -12 -12 -12 0 0 0 0 0 0 0 0 0 0 0 0 0 0 0 0 0 0 0 0 0 0 0 0 0 0 0 0 0 10
1141 0 0 0 0 0 0 0 10 10 0 0 0 0 0 0 0 0 0 0 0 0 0 -12 0 0 0 0 0 -12 0 -12 -12 -12 0 0 0 0 0 0 0 0 0 0 0 0 0 0 0 0 0 0 0 0 0 0 0 0 0 0 0 0 10 10
1146 0 0 0 0 0 0 10 10 10 0 0 0 0 0 0 0 0 0 0 0 0 0 -12 0 0 0 0 0 -12 0 -12 -12 -12 0 0 0 0 0 0 0 0 0 0 0 0 0 0 0 0 0 0 0 0 0 0 0 0 0 0 0 0 10 10
1150 0 0 0 0 0 0 10 10 10 0 0 0 0 0 0 0 0 10 0 0 0 0 -12 0 0 0 0 0 -12 0 -12 -12 -12 0 0 0 0 0 0 0 0 0 0 0 0 0 0 0 0 0 0 0 0 0 0 0 0 0 0 0 0 10 10
1155 0 0 0 0 0 0 10 10 10 0 0 0 0 0 0 0 0 10 0 0 0 0 -12 -12 0 0 0 0 -12 0 -12 -12 -12 0 0 0 0 0 0 0 0 0 0 0 0 0 0 0 0 0 0 0 0 0 0 0 0 0 0 0 0 10 10
1157 0 0 0 0 0 0 10 10 10 0 0 0 0 0 0 0 0 10 0 -12 0 0 -12 -12 0 0 0 0 -12 0 0 -12 -12 0 0 0 0 0 0 0 0 0 0 0 0 0 0 0 0 0 0 0 0 0 0 0 0 0 0 0 0 10 10
1159 0 0 0 0 0 0 10 10 10 0 0 0 0 0 0 0 0 10 0 -12 0 0 -12 -12 0 0 0 0 -12 0 -12 -12 -12 0 0 0 0 0 0 0 0 0 0 0 0 0 0 0 0 0 0 0 0 0 0 0 0 0 0 0 0 10 10
1160 0 0 0 0 0 0 10 10 10 0 0 0 0 0 0 0 0 10 0 0 0 0 -12 -12 0 0 0 0 -12 0 -12 -12 -12 0 0 0 0 0 0 0 0 0 0 0 0 0 0 0 0 0 0 0 0 0 0 0 0 0 0 0 0 10 10
1162 0 0 0 0 0 0 10 10 10 0 0 0 0 0 0 0 0 10 0 0 0 0 -12 0 0 0 0 0 -12 0 -12 -12 -12 0 0 0 0 0 0 0 0 0 0 0 0 0 0 0 0 0 0 0 0 0 0 0 0 0 0 0 0 10 10
1173 0 0 0 0 0 0 10 10 10 0 0 0 0 0 0 0 0 10 0 0 0 0 -12 0 0 0 0 0 -12 -12 -12 -12 -12 0 0 0 0 0 0 0 0 0 0 0 0 0 0 0 0 0 0 0 10 0 0 0 0 0 0 0 0 10 10
1177 10 0 0 0 0 0 10 10 10 0 0 0 0 0 0 0 0 10 0 0 0 0 -12 0 0 0 0 0 -12 -12 -12 -12 -12 0 0 0 0 0 0 0 0 0 0 0 0 0 0 0 0 0 0 0 10 0 0 0 0 0 0 0 0 10 10
1178 10 0 0 0 0 0 10 10 10 0 0 0 0 0 0 0 0 10 0 0 0 0 -12 0 0 0 0 0 -12 -12 -12 -12 -12 0 0 0 0 0 0 0 0 0 0 0 0 0 0 0 0 0 0 0 10 10 0 0 0 0 0 0 0 10 10
1184 10 0 0 0 0 0 10 10 10 0 0 0 0 0 0 0 0 10 0 0 0 0 -12 0 0 0 10 0 -12 -12 -12 -12 -12 0 0 0 0 0 0 0 0 0 0 0 0 0 0 0 0 0 0 0 10 10 0 0 0 0 0 0 0 10 10
1186 10 0 0 0 0 0 10 10 10 0 0 0 0 0 0 0 0 10 0 0 0 0 -12 0 0 0 10 0 -12 -12 -12 -12 -12 0 0 10 0 0 0 0 0 0 0 0 0 0 0 0 0 0 0 0 10 10 0 0 0 0 0 0 0 10 10
1188 10 0 0 0 0 0 10 10 10 0 0 0 0 0 0 0 0 10 0 0 0 0 -12 0 0 0 10 0 -12 -12 -12 -12 0 0 10 10 0 0 0 0 0 0 0 0 0 0 0 0 0 0 0 0 10 10 0 0 0 0 0 0 0 10 10
1189 10 0 0 0 0 0 10 10 10 0 0 0 0 0 0 0 0 10 0 0 0 0 -12 0 0 0 10 0 -12 -12 -12 -12 0 0 10 10 0 0 0 0 0 0 0 0 0 0 0 0 0 0 0 0 10 10 10 0 0 0 0 0 0 10 10
1192 10 0 0 0 0 0 10 10 10 0 0 0 0 0 0 0 0 10 0 0 0 0 -12 0 0 0 10 0 -12 -12 -12 -12 0 0 10 10 0 0 0 0 0 0 0 0 10 0 0 0 0 0 0 0 10 10 10 0 0 0 0 0 0 10 10
1197 10 10 0 0 0 0 10 10 10 0 0 0 0 0 0 0 0 10 0 0 0 0 -12 0 0 0 10 0 -12 -12 -12 -12 0 0 10 10 0 0 0 0 0 0 0 10 10 0 0 0 0 0 0 0 10 10 10 0 0 0 0 0 0 10 10
1199 10 10 0 0 0 0 10 10 10 0 0 0 0 0 0 0 0 10 0 0 0 0 -12 0 0 0 10 0 -12 -12 -12 -12 0 0 10 10 0 0 0 0 0 0 0 10 10 0 0 0 0 0 0 0 10 10 10 0 0 0 0 0 0 0 10
